#v4	V5	V4	out	I(V6)
5.000000000000000e+000	5.000000e+000	5.000000e+000	2.224870e-010	-2.000200e-011
4.990000000000000e+000	5.000000e+000	4.990000e+000	2.226479e-010	-2.000200e-011
4.980000000000000e+000	5.000000e+000	4.980000e+000	2.228108e-010	-2.000200e-011
4.970000000000001e+000	5.000000e+000	4.970000e+000	2.229742e-010	-2.000200e-011
4.960000000000001e+000	5.000000e+000	4.960000e+000	2.231386e-010	-2.000200e-011
4.950000000000001e+000	5.000000e+000	4.950000e+000	2.233041e-010	-2.000200e-011
4.940000000000001e+000	5.000000e+000	4.940000e+000	2.234706e-010	-2.000200e-011
4.930000000000002e+000	5.000000e+000	4.930000e+000	2.236382e-010	-2.000200e-011
4.920000000000002e+000	5.000000e+000	4.920000e+000	2.238069e-010	-2.000200e-011
4.910000000000002e+000	5.000000e+000	4.910000e+000	2.239767e-010	-2.000200e-011
4.900000000000002e+000	5.000000e+000	4.900000e+000	2.241476e-010	-2.000200e-011
4.890000000000002e+000	5.000000e+000	4.890000e+000	2.243196e-010	-2.000200e-011
4.880000000000003e+000	5.000000e+000	4.880000e+000	2.244927e-010	-2.000200e-011
4.870000000000003e+000	5.000000e+000	4.870000e+000	2.246670e-010	-2.000200e-011
4.860000000000003e+000	5.000000e+000	4.860000e+000	2.248424e-010	-2.000200e-011
4.850000000000003e+000	5.000000e+000	4.850000e+000	2.250190e-010	-2.000200e-011
4.840000000000003e+000	5.000000e+000	4.840000e+000	2.251968e-010	-2.000200e-011
4.830000000000004e+000	5.000000e+000	4.830000e+000	2.253757e-010	-2.000200e-011
4.820000000000004e+000	5.000000e+000	4.820000e+000	2.255558e-010	-2.000200e-011
4.810000000000004e+000	5.000000e+000	4.810000e+000	2.257372e-010	-2.000200e-011
4.800000000000004e+000	5.000000e+000	4.800000e+000	2.259197e-010	-2.000200e-011
4.790000000000005e+000	5.000000e+000	4.790000e+000	2.261035e-010	-2.000200e-011
4.780000000000005e+000	5.000000e+000	4.780000e+000	2.262885e-010	-2.000200e-011
4.770000000000005e+000	5.000000e+000	4.770000e+000	2.264748e-010	-2.000200e-011
4.760000000000005e+000	5.000000e+000	4.760000e+000	2.266624e-010	-2.000200e-011
4.750000000000005e+000	5.000000e+000	4.750000e+000	2.268512e-010	-2.000200e-011
4.740000000000006e+000	5.000000e+000	4.740000e+000	2.270413e-010	-2.000200e-011
4.730000000000006e+000	5.000000e+000	4.730000e+000	2.272328e-010	-2.000200e-011
4.720000000000006e+000	5.000000e+000	4.720000e+000	2.274255e-010	-2.000200e-011
4.710000000000006e+000	5.000000e+000	4.710000e+000	2.276196e-010	-2.000200e-011
4.700000000000006e+000	5.000000e+000	4.700000e+000	2.278151e-010	-2.000200e-011
4.690000000000007e+000	5.000000e+000	4.690000e+000	2.280119e-010	-2.000200e-011
4.680000000000007e+000	5.000000e+000	4.680000e+000	2.282101e-010	-2.000200e-011
4.670000000000007e+000	5.000000e+000	4.670000e+000	2.284096e-010	-2.000200e-011
4.660000000000007e+000	5.000000e+000	4.660000e+000	2.286106e-010	-2.000200e-011
4.650000000000008e+000	5.000000e+000	4.650000e+000	2.288130e-010	-2.000200e-011
4.640000000000008e+000	5.000000e+000	4.640000e+000	2.290169e-010	-2.000200e-011
4.630000000000008e+000	5.000000e+000	4.630000e+000	2.292222e-010	-2.000200e-011
4.620000000000008e+000	5.000000e+000	4.620000e+000	2.294289e-010	-2.000200e-011
4.610000000000008e+000	5.000000e+000	4.610000e+000	2.296372e-010	-2.000200e-011
4.600000000000009e+000	5.000000e+000	4.600000e+000	2.298470e-010	-2.000200e-011
4.590000000000009e+000	5.000000e+000	4.590000e+000	2.300582e-010	-2.000200e-011
4.580000000000009e+000	5.000000e+000	4.580000e+000	2.302710e-010	-2.000200e-011
4.570000000000009e+000	5.000000e+000	4.570000e+000	2.304854e-010	-2.000200e-011
4.560000000000009e+000	5.000000e+000	4.560000e+000	2.307013e-010	-2.000200e-011
4.550000000000010e+000	5.000000e+000	4.550000e+000	2.309188e-010	-2.000200e-011
4.540000000000010e+000	5.000000e+000	4.540000e+000	2.311379e-010	-2.000200e-011
4.530000000000010e+000	5.000000e+000	4.530000e+000	2.313586e-010	-2.000200e-011
4.520000000000010e+000	5.000000e+000	4.520000e+000	2.315810e-010	-2.000200e-011
4.510000000000010e+000	5.000000e+000	4.510000e+000	2.318050e-010	-2.000200e-011
4.500000000000011e+000	5.000000e+000	4.500000e+000	2.320307e-010	-2.000200e-011
4.490000000000011e+000	5.000000e+000	4.490000e+000	2.322581e-010	-2.000200e-011
4.480000000000011e+000	5.000000e+000	4.480000e+000	2.324872e-010	-2.000200e-011
4.470000000000011e+000	5.000000e+000	4.470000e+000	2.327180e-010	-2.000200e-011
4.460000000000012e+000	5.000000e+000	4.460000e+000	2.329506e-010	-2.000200e-011
4.450000000000012e+000	5.000000e+000	4.450000e+000	2.331850e-010	-2.000200e-011
4.440000000000012e+000	5.000000e+000	4.440000e+000	2.334211e-010	-2.000200e-011
4.430000000000012e+000	5.000000e+000	4.430000e+000	2.336591e-010	-2.000200e-011
4.420000000000012e+000	5.000000e+000	4.420000e+000	2.338988e-010	-2.000200e-011
4.410000000000013e+000	5.000000e+000	4.410000e+000	2.341405e-010	-2.000200e-011
4.400000000000013e+000	5.000000e+000	4.400000e+000	2.343840e-010	-2.000200e-011
4.390000000000013e+000	5.000000e+000	4.390000e+000	2.346295e-010	-2.000200e-011
4.380000000000013e+000	5.000000e+000	4.380000e+000	2.348768e-010	-2.000200e-011
4.370000000000013e+000	5.000000e+000	4.370000e+000	2.351261e-010	-2.000200e-011
4.360000000000014e+000	5.000000e+000	4.360000e+000	2.353773e-010	-2.000200e-011
4.350000000000014e+000	5.000000e+000	4.350000e+000	2.356305e-010	-2.000200e-011
4.340000000000014e+000	5.000000e+000	4.340000e+000	2.358858e-010	-2.000200e-011
4.330000000000014e+000	5.000000e+000	4.330000e+000	2.361431e-010	-2.000200e-011
4.320000000000015e+000	5.000000e+000	4.320000e+000	2.364024e-010	-2.000200e-011
4.310000000000015e+000	5.000000e+000	4.310000e+000	2.366639e-010	-2.000200e-011
4.300000000000015e+000	5.000000e+000	4.300000e+000	2.369274e-010	-2.000200e-011
4.290000000000015e+000	5.000000e+000	4.290000e+000	2.371931e-010	-2.000200e-011
4.280000000000015e+000	5.000000e+000	4.280000e+000	2.374609e-010	-2.000200e-011
4.270000000000016e+000	5.000000e+000	4.270000e+000	2.377310e-010	-2.000200e-011
4.260000000000016e+000	5.000000e+000	4.260000e+000	2.380033e-010	-2.000200e-011
4.250000000000016e+000	5.000000e+000	4.250000e+000	2.382778e-010	-2.000200e-011
4.240000000000016e+000	5.000000e+000	4.240000e+000	2.385545e-010	-2.000200e-011
4.230000000000016e+000	5.000000e+000	4.230000e+000	2.388336e-010	-2.000200e-011
4.220000000000017e+000	5.000000e+000	4.220000e+000	2.391150e-010	-2.000200e-011
4.210000000000017e+000	5.000000e+000	4.210000e+000	2.393988e-010	-2.000200e-011
4.200000000000017e+000	5.000000e+000	4.200000e+000	2.396849e-010	-2.000200e-011
4.190000000000017e+000	5.000000e+000	4.190000e+000	2.399735e-010	-2.000200e-011
4.180000000000018e+000	5.000000e+000	4.180000e+000	2.402645e-010	-2.000200e-011
4.170000000000018e+000	5.000000e+000	4.170000e+000	2.405580e-010	-2.000200e-011
4.160000000000018e+000	5.000000e+000	4.160000e+000	2.408540e-010	-2.000200e-011
4.150000000000018e+000	5.000000e+000	4.150000e+000	2.411526e-010	-2.000200e-011
4.140000000000018e+000	5.000000e+000	4.140000e+000	2.414537e-010	-2.000200e-011
4.130000000000019e+000	5.000000e+000	4.130000e+000	2.417574e-010	-2.000200e-011
4.120000000000019e+000	5.000000e+000	4.120000e+000	2.420638e-010	-2.000200e-011
4.110000000000019e+000	5.000000e+000	4.110000e+000	2.423729e-010	-2.000200e-011
4.100000000000019e+000	5.000000e+000	4.100000e+000	2.426847e-010	-2.000200e-011
4.090000000000019e+000	5.000000e+000	4.090000e+000	2.429992e-010	-2.000200e-011
4.080000000000020e+000	5.000000e+000	4.080000e+000	2.433166e-010	-2.000200e-011
4.070000000000020e+000	5.000000e+000	4.070000e+000	2.436367e-010	-2.000200e-011
4.060000000000020e+000	5.000000e+000	4.060000e+000	2.439597e-010	-2.000200e-011
4.050000000000020e+000	5.000000e+000	4.050000e+000	2.442857e-010	-2.000200e-011
4.040000000000021e+000	5.000000e+000	4.040000e+000	2.446145e-010	-2.000200e-011
4.030000000000021e+000	5.000000e+000	4.030000e+000	2.449464e-010	-2.000200e-011
4.020000000000021e+000	5.000000e+000	4.020000e+000	2.452812e-010	-2.000200e-011
4.010000000000021e+000	5.000000e+000	4.010000e+000	2.456192e-010	-2.000200e-011
4.000000000000021e+000	5.000000e+000	4.000000e+000	2.459602e-010	-2.000200e-011
3.990000000000022e+000	5.000000e+000	3.990000e+000	2.463044e-010	-2.000200e-011
3.980000000000022e+000	5.000000e+000	3.980000e+000	2.466518e-010	-2.000200e-011
3.970000000000022e+000	5.000000e+000	3.970000e+000	2.470024e-010	-2.000200e-011
3.960000000000022e+000	5.000000e+000	3.960000e+000	2.473563e-010	-2.000200e-011
3.950000000000022e+000	5.000000e+000	3.950000e+000	2.477135e-010	-2.000200e-011
3.940000000000023e+000	5.000000e+000	3.940000e+000	2.480741e-010	-2.000200e-011
3.930000000000023e+000	5.000000e+000	3.930000e+000	2.484382e-010	-2.000200e-011
3.920000000000023e+000	5.000000e+000	3.920000e+000	2.488056e-010	-2.000200e-011
3.910000000000023e+000	5.000000e+000	3.910000e+000	2.491767e-010	-2.000200e-011
3.900000000000023e+000	5.000000e+000	3.900000e+000	2.495513e-010	-2.000200e-011
3.890000000000024e+000	5.000000e+000	3.890000e+000	2.499295e-010	-2.000200e-011
3.880000000000024e+000	5.000000e+000	3.880000e+000	2.503114e-010	-2.000200e-011
3.870000000000024e+000	5.000000e+000	3.870000e+000	2.506970e-010	-2.000200e-011
3.860000000000024e+000	5.000000e+000	3.860000e+000	2.510865e-010	-2.000200e-011
3.850000000000025e+000	5.000000e+000	3.850000e+000	2.514798e-010	-2.000200e-011
3.840000000000025e+000	5.000000e+000	3.840000e+000	2.518769e-010	-2.000200e-011
3.830000000000025e+000	5.000000e+000	3.830000e+000	2.522781e-010	-2.000200e-011
3.820000000000025e+000	5.000000e+000	3.820000e+000	2.526832e-010	-2.000200e-011
3.810000000000025e+000	5.000000e+000	3.810000e+000	2.530924e-010	-2.000200e-011
3.800000000000026e+000	5.000000e+000	3.800000e+000	2.535058e-010	-2.000200e-011
3.790000000000026e+000	5.000000e+000	3.790000e+000	2.539234e-010	-2.000200e-011
3.780000000000026e+000	5.000000e+000	3.780000e+000	2.543453e-010	-2.000200e-011
3.770000000000026e+000	5.000000e+000	3.770000e+000	2.547714e-010	-2.000200e-011
3.760000000000026e+000	5.000000e+000	3.760000e+000	2.552020e-010	-2.000200e-011
3.750000000000027e+000	5.000000e+000	3.750000e+000	2.556371e-010	-2.000200e-011
3.740000000000027e+000	5.000000e+000	3.740000e+000	2.560767e-010	-2.000200e-011
3.730000000000027e+000	5.000000e+000	3.730000e+000	2.565209e-010	-2.000200e-011
3.720000000000027e+000	5.000000e+000	3.720000e+000	2.569698e-010	-2.000200e-011
3.710000000000028e+000	5.000000e+000	3.710000e+000	2.574235e-010	-2.000200e-011
3.700000000000028e+000	5.000000e+000	3.700000e+000	2.578820e-010	-2.000200e-011
3.690000000000028e+000	5.000000e+000	3.690000e+000	2.583454e-010	-2.000200e-011
3.680000000000028e+000	5.000000e+000	3.680000e+000	2.588138e-010	-2.000200e-011
3.670000000000028e+000	5.000000e+000	3.670000e+000	2.592873e-010	-2.000200e-011
3.660000000000029e+000	5.000000e+000	3.660000e+000	2.597659e-010	-2.000200e-011
3.650000000000029e+000	5.000000e+000	3.650000e+000	2.602498e-010	-2.000200e-011
3.640000000000029e+000	5.000000e+000	3.640000e+000	2.607390e-010	-2.000200e-011
3.630000000000029e+000	5.000000e+000	3.630000e+000	2.612336e-010	-2.000200e-011
3.620000000000029e+000	5.000000e+000	3.620000e+000	2.617337e-010	-2.000200e-011
3.610000000000030e+000	5.000000e+000	3.610000e+000	2.622395e-010	-2.000200e-011
3.600000000000030e+000	5.000000e+000	3.600000e+000	2.627509e-010	-2.000200e-011
3.590000000000030e+000	5.000000e+000	3.590000e+000	2.632681e-010	-2.000200e-011
3.580000000000030e+000	5.000000e+000	3.580000e+000	2.637912e-010	-2.000200e-011
3.570000000000031e+000	5.000000e+000	3.570000e+000	2.643203e-010	-2.000200e-011
3.560000000000031e+000	5.000000e+000	3.560000e+000	2.648555e-010	-2.000200e-011
3.550000000000031e+000	5.000000e+000	3.550000e+000	2.653969e-010	-2.000200e-011
3.540000000000031e+000	5.000000e+000	3.540000e+000	2.659447e-010	-2.000200e-011
3.530000000000031e+000	5.000000e+000	3.530000e+000	2.664988e-010	-2.000200e-011
3.520000000000032e+000	5.000000e+000	3.520000e+000	2.670595e-010	-2.000200e-011
3.510000000000032e+000	5.000000e+000	3.510000e+000	2.676268e-010	-2.000200e-011
3.500000000000032e+000	5.000000e+000	3.500000e+000	2.682009e-010	-2.000200e-011
3.490000000000032e+000	5.000000e+000	3.490000e+000	2.687818e-010	-2.000200e-011
3.480000000000032e+000	5.000000e+000	3.480000e+000	2.693698e-010	-2.000200e-011
3.470000000000033e+000	5.000000e+000	3.470000e+000	2.699650e-010	-2.000200e-011
3.460000000000033e+000	5.000000e+000	3.460000e+000	2.705674e-010	-2.000200e-011
3.450000000000033e+000	5.000000e+000	3.450000e+000	2.711772e-010	-2.000200e-011
3.440000000000033e+000	5.000000e+000	3.440000e+000	2.717946e-010	-2.000200e-011
3.430000000000034e+000	5.000000e+000	3.430000e+000	2.724197e-010	-2.000200e-011
3.420000000000034e+000	5.000000e+000	3.420000e+000	2.730526e-010	-2.000200e-011
3.410000000000034e+000	5.000000e+000	3.410000e+000	2.736934e-010	-2.000200e-011
3.400000000000034e+000	5.000000e+000	3.400000e+000	2.743424e-010	-2.000200e-011
3.390000000000034e+000	5.000000e+000	3.390000e+000	2.749997e-010	-2.000200e-011
3.380000000000035e+000	5.000000e+000	3.380000e+000	2.756655e-010	-2.000200e-011
3.370000000000035e+000	5.000000e+000	3.370000e+000	2.763398e-010	-2.000200e-011
3.360000000000035e+000	5.000000e+000	3.360000e+000	2.770230e-010	-2.000200e-011
3.350000000000035e+000	5.000000e+000	3.350000e+000	2.777151e-010	-2.000200e-011
3.340000000000035e+000	5.000000e+000	3.340000e+000	2.784163e-010	-2.000200e-011
3.330000000000036e+000	5.000000e+000	3.330000e+000	2.791268e-010	-2.000200e-011
3.320000000000036e+000	5.000000e+000	3.320000e+000	2.798469e-010	-2.000200e-011
3.310000000000036e+000	5.000000e+000	3.310000e+000	2.805766e-010	-2.000200e-011
3.300000000000036e+000	5.000000e+000	3.300000e+000	2.813162e-010	-2.000200e-011
3.290000000000037e+000	5.000000e+000	3.290000e+000	2.820659e-010	-2.000200e-011
3.280000000000037e+000	5.000000e+000	3.280000e+000	2.828259e-010	-2.000200e-011
3.270000000000037e+000	5.000000e+000	3.270000e+000	2.835964e-010	-2.000200e-011
3.260000000000037e+000	5.000000e+000	3.260000e+000	2.843777e-010	-2.000200e-011
3.250000000000037e+000	5.000000e+000	3.250000e+000	2.851699e-010	-2.000200e-011
3.240000000000038e+000	5.000000e+000	3.240000e+000	2.859733e-010	-2.000200e-011
3.230000000000038e+000	5.000000e+000	3.230000e+000	2.867881e-010	-2.000200e-011
3.220000000000038e+000	5.000000e+000	3.220000e+000	2.876146e-010	-2.000200e-011
3.210000000000038e+000	5.000000e+000	3.210000e+000	2.884530e-010	-2.000200e-011
3.200000000000038e+000	5.000000e+000	3.200000e+000	2.893036e-010	-2.000200e-011
3.190000000000039e+000	5.000000e+000	3.190000e+000	2.901667e-010	-2.000200e-011
3.180000000000039e+000	5.000000e+000	3.180000e+000	2.910425e-010	-2.000200e-011
3.170000000000039e+000	5.000000e+000	3.170000e+000	2.919313e-010	-2.000200e-011
3.160000000000039e+000	5.000000e+000	3.160000e+000	2.928334e-010	-2.000200e-011
3.150000000000039e+000	5.000000e+000	3.150000e+000	2.937491e-010	-2.000200e-011
3.140000000000040e+000	5.000000e+000	3.140000e+000	2.946787e-010	-2.000200e-011
3.130000000000040e+000	5.000000e+000	3.130000e+000	2.956226e-010	-2.000200e-011
3.120000000000040e+000	5.000000e+000	3.120000e+000	2.965810e-010	-2.000200e-011
3.110000000000040e+000	5.000000e+000	3.110000e+000	2.975544e-010	-2.000200e-011
3.100000000000041e+000	5.000000e+000	3.100000e+000	2.985430e-010	-2.000200e-011
3.090000000000041e+000	5.000000e+000	3.090000e+000	2.995472e-010	-2.000200e-011
3.080000000000041e+000	5.000000e+000	3.080000e+000	3.005674e-010	-2.000200e-011
3.070000000000041e+000	5.000000e+000	3.070000e+000	3.016040e-010	-2.000200e-011
3.060000000000041e+000	5.000000e+000	3.060000e+000	3.026573e-010	-2.000200e-011
3.050000000000042e+000	5.000000e+000	3.050000e+000	3.037278e-010	-2.000200e-011
3.040000000000042e+000	5.000000e+000	3.040000e+000	3.048160e-010	-2.000200e-011
3.030000000000042e+000	5.000000e+000	3.030000e+000	3.059222e-010	-2.000200e-011
3.020000000000042e+000	5.000000e+000	3.020000e+000	3.070469e-010	-2.000200e-011
3.010000000000042e+000	5.000000e+000	3.010000e+000	3.081905e-010	-2.000200e-011
3.000000000000043e+000	5.000000e+000	3.000000e+000	3.093536e-010	-2.000200e-011
2.990000000000043e+000	5.000000e+000	2.990000e+000	3.105367e-010	-2.000200e-011
2.980000000000043e+000	5.000000e+000	2.980000e+000	3.117402e-010	-2.000200e-011
2.970000000000043e+000	5.000000e+000	2.970000e+000	3.129647e-010	-2.000200e-011
2.960000000000044e+000	5.000000e+000	2.960000e+000	3.142108e-010	-2.000200e-011
2.950000000000044e+000	5.000000e+000	2.950000e+000	3.154790e-010	-2.000200e-011
2.940000000000044e+000	5.000000e+000	2.940000e+000	3.167700e-010	-2.000200e-011
2.930000000000044e+000	5.000000e+000	2.930000e+000	3.180843e-010	-2.000200e-011
2.920000000000044e+000	5.000000e+000	2.920000e+000	3.194225e-010	-2.000200e-011
2.910000000000045e+000	5.000000e+000	2.910000e+000	3.207855e-010	-2.000200e-011
2.900000000000045e+000	5.000000e+000	2.900000e+000	3.221737e-010	-2.000200e-011
2.890000000000045e+000	5.000000e+000	2.890000e+000	3.235880e-010	-2.000200e-011
2.880000000000045e+000	5.000000e+000	2.880000e+000	3.250291e-010	-2.000200e-011
2.870000000000045e+000	5.000000e+000	2.870000e+000	3.264977e-010	-2.000200e-011
2.860000000000046e+000	5.000000e+000	2.860000e+000	3.279947e-010	-2.000200e-011
2.850000000000046e+000	5.000000e+000	2.850000e+000	3.295209e-010	-2.000200e-011
2.840000000000046e+000	5.000000e+000	2.840000e+000	3.310771e-010	-2.000200e-011
2.830000000000046e+000	5.000000e+000	2.830000e+000	3.326643e-010	-2.000200e-011
2.820000000000047e+000	5.000000e+000	2.820000e+000	3.342833e-010	-2.000200e-011
2.810000000000047e+000	5.000000e+000	2.810000e+000	3.359351e-010	-2.000200e-011
2.800000000000047e+000	5.000000e+000	2.800000e+000	3.376208e-010	-2.000200e-011
2.790000000000047e+000	5.000000e+000	2.790000e+000	3.393415e-010	-2.000200e-011
2.780000000000047e+000	5.000000e+000	2.780000e+000	3.410981e-010	-2.000200e-011
2.770000000000048e+000	5.000000e+000	2.770000e+000	3.428918e-010	-2.000200e-011
2.760000000000048e+000	5.000000e+000	2.760000e+000	3.447239e-010	-2.000200e-011
2.750000000000048e+000	5.000000e+000	2.750000e+000	3.465955e-010	-2.000200e-011
2.740000000000048e+000	5.000000e+000	2.740000e+000	3.485081e-010	-2.000200e-011
2.730000000000048e+000	5.000000e+000	2.730000e+000	3.504628e-010	-2.000200e-011
2.720000000000049e+000	5.000000e+000	2.720000e+000	3.524611e-010	-2.000200e-011
2.710000000000049e+000	5.000000e+000	2.710000e+000	3.545046e-010	-2.000200e-011
2.700000000000049e+000	5.000000e+000	2.700000e+000	3.565948e-010	-2.000200e-011
2.690000000000049e+000	5.000000e+000	2.690000e+000	3.587331e-010	-2.000200e-011
2.680000000000050e+000	5.000000e+000	2.680000e+000	3.609215e-010	-2.000200e-011
2.670000000000050e+000	5.000000e+000	2.670000e+000	3.631616e-010	-2.000200e-011
2.660000000000050e+000	5.000000e+000	2.660000e+000	3.654553e-010	-2.000200e-011
2.650000000000050e+000	5.000000e+000	2.650000e+000	3.678045e-010	-2.000200e-011
2.640000000000050e+000	5.000000e+000	2.640000e+000	3.702113e-010	-2.000200e-011
2.630000000000051e+000	5.000000e+000	2.630000e+000	3.726778e-010	-2.000200e-011
2.620000000000051e+000	5.000000e+000	2.620000e+000	3.752063e-010	-2.000200e-011
2.610000000000051e+000	5.000000e+000	2.610000e+000	3.777992e-010	-2.000200e-011
2.600000000000051e+000	5.000000e+000	2.600000e+000	3.804588e-010	-2.000200e-011
2.590000000000051e+000	5.000000e+000	2.590000e+000	3.831879e-010	-2.000200e-011
2.580000000000052e+000	5.000000e+000	2.580000e+000	3.859892e-010	-2.000200e-011
2.570000000000052e+000	5.000000e+000	2.570000e+000	3.888656e-010	-2.000200e-011
2.560000000000052e+000	5.000000e+000	2.560000e+000	3.918202e-010	-2.000200e-011
2.550000000000052e+000	5.000000e+000	2.550000e+000	3.948561e-010	-2.000200e-011
2.540000000000052e+000	5.000000e+000	2.540000e+000	3.979769e-010	-2.000200e-011
2.530000000000053e+000	5.000000e+000	2.530000e+000	4.011861e-010	-2.000200e-011
2.520000000000053e+000	5.000000e+000	2.520000e+000	4.044875e-010	-2.000200e-011
2.510000000000053e+000	5.000000e+000	2.510000e+000	4.078851e-010	-2.000200e-011
2.500000000000053e+000	5.000000e+000	2.500000e+000	4.113833e-010	-2.000200e-011
2.490000000000054e+000	5.000000e+000	2.490000e+000	4.149865e-010	-2.000200e-011
2.480000000000054e+000	5.000000e+000	2.480000e+000	4.186995e-010	-2.000200e-011
2.470000000000054e+000	5.000000e+000	2.470000e+000	4.225275e-010	-2.000200e-011
2.460000000000054e+000	5.000000e+000	2.460000e+000	4.264759e-010	-2.000200e-011
2.450000000000054e+000	5.000000e+000	2.450000e+000	4.305505e-010	-2.000200e-011
2.440000000000055e+000	5.000000e+000	2.440000e+000	4.347573e-010	-2.000200e-011
2.430000000000055e+000	5.000000e+000	2.430000e+000	4.391030e-010	-2.000200e-011
2.420000000000055e+000	5.000000e+000	2.420000e+000	4.435945e-010	-2.000200e-011
2.410000000000055e+000	5.000000e+000	2.410000e+000	4.482393e-010	-2.000200e-011
2.400000000000055e+000	5.000000e+000	2.400000e+000	4.530454e-010	-2.000200e-011
2.390000000000056e+000	5.000000e+000	2.390000e+000	4.580213e-010	-2.000200e-011
2.380000000000056e+000	5.000000e+000	2.380000e+000	4.631761e-010	-2.000200e-011
2.370000000000056e+000	5.000000e+000	2.370000e+000	4.685198e-010	-2.000200e-011
2.360000000000056e+000	5.000000e+000	2.360000e+000	4.740630e-010	-2.000200e-011
2.350000000000057e+000	5.000000e+000	2.350000e+000	4.798168e-010	-2.000200e-011
2.340000000000057e+000	5.000000e+000	2.340000e+000	4.857937e-010	-2.000200e-011
2.330000000000057e+000	5.000000e+000	2.330000e+000	4.920068e-010	-2.000200e-011
2.320000000000057e+000	5.000000e+000	2.320000e+000	4.984705e-010	-2.000200e-011
2.310000000000057e+000	5.000000e+000	2.310000e+000	5.052002e-010	-2.000200e-011
2.300000000000058e+000	5.000000e+000	2.300000e+000	5.122126e-010	-2.000200e-011
2.290000000000058e+000	5.000000e+000	2.290000e+000	5.195259e-010	-2.000200e-011
2.280000000000058e+000	5.000000e+000	2.280000e+000	5.271600e-010	-2.000200e-011
2.270000000000058e+000	5.000000e+000	2.270000e+000	5.351365e-010	-2.000200e-011
2.260000000000058e+000	5.000000e+000	2.260000e+000	5.434789e-010	-2.000200e-011
2.250000000000059e+000	5.000000e+000	2.250000e+000	5.522129e-010	-2.000200e-011
2.240000000000059e+000	5.000000e+000	2.240000e+000	5.613668e-010	-2.000200e-011
2.230000000000059e+000	5.000000e+000	2.230000e+000	5.709717e-010	-2.000200e-011
2.220000000000059e+000	5.000000e+000	2.220000e+000	5.810616e-010	-2.000200e-011
2.210000000000060e+000	5.000000e+000	2.210000e+000	5.916744e-010	-2.000200e-011
2.200000000000060e+000	5.000000e+000	2.200000e+000	6.028517e-010	-2.000200e-011
2.190000000000060e+000	5.000000e+000	2.190000e+000	6.146397e-010	-2.000200e-011
2.180000000000060e+000	5.000000e+000	2.180000e+000	6.270899e-010	-2.000200e-011
2.170000000000060e+000	5.000000e+000	2.170000e+000	6.402599e-010	-2.000200e-011
2.160000000000061e+000	5.000000e+000	2.160000e+000	6.542138e-010	-2.000200e-011
2.150000000000061e+000	5.000000e+000	2.150000e+000	6.690237e-010	-2.000200e-011
2.140000000000061e+000	5.000000e+000	2.140000e+000	6.847710e-010	-2.000200e-011
2.130000000000061e+000	5.000000e+000	2.130000e+000	7.015475e-010	-2.000200e-011
2.120000000000061e+000	5.000000e+000	2.120000e+000	2.521063e-005	-7.008942e-007
2.110000000000062e+000	5.000000e+000	2.110000e+000	2.319873e-004	-6.281433e-006
2.100000000000062e+000	5.000000e+000	2.100000e+000	6.601103e-004	-1.737563e-005
2.090000000000062e+000	5.000000e+000	2.090000e+000	1.327570e-003	-3.391504e-005
2.080000000000062e+000	5.000000e+000	2.080000e+000	2.256105e-003	-5.583250e-005
2.070000000000063e+000	5.000000e+000	2.070000e+000	3.472258e-003	-8.306218e-005
2.060000000000063e+000	5.000000e+000	2.060000e+000	5.008796e-003	-1.155395e-004
2.050000000000063e+000	5.000000e+000	2.050000e+000	6.906742e-003	-1.532009e-004
2.040000000000063e+000	5.000000e+000	2.040000e+000	9.218328e-003	-1.959843e-004
2.030000000000063e+000	5.000000e+000	2.030000e+000	1.201144e-002	-2.438282e-004
2.020000000000064e+000	5.000000e+000	2.020000e+000	1.537657e-002	-2.966726e-004
2.010000000000064e+000	5.000000e+000	2.010000e+000	1.943832e-002	-3.544580e-004
2.000000000000064e+000	5.000000e+000	2.000000e+000	2.437539e-002	-4.171256e-004
1.990000000000064e+000	5.000000e+000	1.990000e+000	3.045883e-002	-4.846173e-004
1.980000000000064e+000	5.000000e+000	1.980000e+000	3.813290e-002	-5.568745e-004
1.970000000000064e+000	5.000000e+000	1.970000e+000	4.821655e-002	-6.338375e-004
1.960000000000064e+000	5.000000e+000	1.960000e+000	6.267235e-002	-7.154410e-004
1.950000000000064e+000	5.000000e+000	1.950000e+000	8.885080e-002	-8.015896e-004
1.940000000000064e+000	5.000000e+000	1.940000e+000	4.878136e+000	-7.543618e-004
1.930000000000064e+000	5.000000e+000	1.930000e+000	4.917809e+000	-6.347693e-004
1.920000000000064e+000	5.000000e+000	1.920000e+000	4.938802e+000	-5.247163e-004
1.910000000000064e+000	5.000000e+000	1.910000e+000	4.953923e+000	-4.244197e-004
1.900000000000064e+000	5.000000e+000	1.900000e+000	4.966182e+000	-3.341042e-004
1.890000000000064e+000	5.000000e+000	1.890000e+000	4.975794e+000	-2.540032e-004
1.880000000000064e+000	5.000000e+000	1.880000e+000	4.983320e+000	-1.843597e-004
1.870000000000064e+000	5.000000e+000	1.870000e+000	4.989159e+000	-1.254258e-004
1.860000000000064e+000	5.000000e+000	1.860000e+000	4.993572e+000	-7.746429e-005
1.850000000000064e+000	5.000000e+000	1.850000e+000	4.996741e+000	-4.074873e-005
1.840000000000064e+000	5.000000e+000	1.840000e+000	4.998797e+000	-1.556413e-005
1.830000000000064e+000	5.000000e+000	1.830000e+000	4.999836e+000	-2.207774e-006
1.820000000000064e+000	5.000000e+000	1.820000e+000	5.000001e+000	-1.000053e-011
1.810000000000064e+000	5.000000e+000	1.810000e+000	5.000000e+000	-1.000042e-011
1.800000000000064e+000	5.000000e+000	1.800000e+000	5.000000e+000	-1.000065e-011
1.790000000000064e+000	5.000000e+000	1.790000e+000	5.000000e+000	-1.000087e-011
1.780000000000064e+000	5.000000e+000	1.780000e+000	5.000000e+000	-1.000053e-011
1.770000000000064e+000	5.000000e+000	1.770000e+000	5.000000e+000	-1.000065e-011
1.760000000000064e+000	5.000000e+000	1.760000e+000	5.000000e+000	-1.000065e-011
1.750000000000064e+000	5.000000e+000	1.750000e+000	5.000000e+000	-1.000042e-011
1.740000000000064e+000	5.000000e+000	1.740000e+000	5.000000e+000	-1.000120e-011
1.730000000000064e+000	5.000000e+000	1.730000e+000	5.000000e+000	-1.000042e-011
1.720000000000064e+000	5.000000e+000	1.720000e+000	5.000000e+000	-1.000065e-011
1.710000000000064e+000	5.000000e+000	1.710000e+000	5.000000e+000	-1.000076e-011
1.700000000000064e+000	5.000000e+000	1.700000e+000	5.000000e+000	-1.000087e-011
1.690000000000064e+000	5.000000e+000	1.690000e+000	5.000000e+000	-1.000042e-011
1.680000000000064e+000	5.000000e+000	1.680000e+000	5.000000e+000	-1.000087e-011
1.670000000000064e+000	5.000000e+000	1.670000e+000	5.000000e+000	-1.000042e-011
1.660000000000064e+000	5.000000e+000	1.660000e+000	5.000000e+000	-1.000042e-011
1.650000000000064e+000	5.000000e+000	1.650000e+000	5.000000e+000	-1.000076e-011
1.640000000000064e+000	5.000000e+000	1.640000e+000	5.000000e+000	-1.000042e-011
1.630000000000064e+000	5.000000e+000	1.630000e+000	5.000000e+000	-1.000065e-011
1.620000000000064e+000	5.000000e+000	1.620000e+000	5.000000e+000	-1.000031e-011
1.610000000000064e+000	5.000000e+000	1.610000e+000	5.000000e+000	-1.000042e-011
1.600000000000064e+000	5.000000e+000	1.600000e+000	5.000000e+000	-1.000087e-011
1.590000000000064e+000	5.000000e+000	1.590000e+000	5.000000e+000	-9.999868e-012
1.580000000000064e+000	5.000000e+000	1.580000e+000	5.000000e+000	-1.000020e-011
1.570000000000064e+000	5.000000e+000	1.570000e+000	5.000000e+000	-1.000131e-011
1.560000000000064e+000	5.000000e+000	1.560000e+000	5.000000e+000	-1.000098e-011
1.550000000000064e+000	5.000000e+000	1.550000e+000	5.000000e+000	-1.000098e-011
1.540000000000064e+000	5.000000e+000	1.540000e+000	5.000000e+000	-1.000076e-011
1.530000000000064e+000	5.000000e+000	1.530000e+000	5.000000e+000	-1.000020e-011
1.520000000000064e+000	5.000000e+000	1.520000e+000	5.000000e+000	-1.000109e-011
1.510000000000064e+000	5.000000e+000	1.510000e+000	5.000000e+000	-1.000031e-011
1.500000000000064e+000	5.000000e+000	1.500000e+000	5.000000e+000	-9.999979e-012
1.490000000000064e+000	5.000000e+000	1.490000e+000	5.000000e+000	-1.000042e-011
1.480000000000064e+000	5.000000e+000	1.480000e+000	5.000000e+000	-1.000120e-011
1.470000000000064e+000	5.000000e+000	1.470000e+000	5.000000e+000	-1.000087e-011
1.460000000000064e+000	5.000000e+000	1.460000e+000	5.000000e+000	-1.000087e-011
1.450000000000064e+000	5.000000e+000	1.450000e+000	5.000000e+000	-1.000076e-011
1.440000000000064e+000	5.000000e+000	1.440000e+000	5.000000e+000	-1.000065e-011
1.430000000000063e+000	5.000000e+000	1.430000e+000	5.000000e+000	-1.000053e-011
1.420000000000063e+000	5.000000e+000	1.420000e+000	5.000000e+000	-1.000042e-011
1.410000000000063e+000	5.000000e+000	1.410000e+000	5.000000e+000	-1.000042e-011
1.400000000000063e+000	5.000000e+000	1.400000e+000	5.000000e+000	-1.000065e-011
1.390000000000063e+000	5.000000e+000	1.390000e+000	5.000000e+000	-9.999979e-012
1.380000000000063e+000	5.000000e+000	1.380000e+000	5.000000e+000	-1.000087e-011
1.370000000000063e+000	5.000000e+000	1.370000e+000	5.000000e+000	-1.000087e-011
1.360000000000063e+000	5.000000e+000	1.360000e+000	5.000000e+000	-1.000098e-011
1.350000000000063e+000	5.000000e+000	1.350000e+000	5.000000e+000	-1.000020e-011
1.340000000000063e+000	5.000000e+000	1.340000e+000	5.000000e+000	-1.000053e-011
1.330000000000063e+000	5.000000e+000	1.330000e+000	5.000000e+000	-1.000020e-011
1.320000000000063e+000	5.000000e+000	1.320000e+000	5.000000e+000	-1.000042e-011
1.310000000000063e+000	5.000000e+000	1.310000e+000	5.000000e+000	-1.000020e-011
1.300000000000063e+000	5.000000e+000	1.300000e+000	5.000000e+000	-1.000009e-011
1.290000000000063e+000	5.000000e+000	1.290000e+000	5.000000e+000	-1.000065e-011
1.280000000000063e+000	5.000000e+000	1.280000e+000	5.000000e+000	-1.000042e-011
1.270000000000063e+000	5.000000e+000	1.270000e+000	5.000000e+000	-1.000053e-011
1.260000000000063e+000	5.000000e+000	1.260000e+000	5.000000e+000	-1.000065e-011
1.250000000000063e+000	5.000000e+000	1.250000e+000	5.000000e+000	-1.000109e-011
1.240000000000063e+000	5.000000e+000	1.240000e+000	5.000000e+000	-1.000076e-011
1.230000000000063e+000	5.000000e+000	1.230000e+000	5.000000e+000	-1.000042e-011
1.220000000000063e+000	5.000000e+000	1.220000e+000	5.000000e+000	-1.000098e-011
1.210000000000063e+000	5.000000e+000	1.210000e+000	5.000000e+000	-1.000065e-011
1.200000000000063e+000	5.000000e+000	1.200000e+000	5.000000e+000	-1.000009e-011
1.190000000000063e+000	5.000000e+000	1.190000e+000	5.000000e+000	-1.000087e-011
1.180000000000063e+000	5.000000e+000	1.180000e+000	5.000000e+000	-1.000076e-011
1.170000000000063e+000	5.000000e+000	1.170000e+000	5.000000e+000	-1.000076e-011
1.160000000000063e+000	5.000000e+000	1.160000e+000	5.000000e+000	-9.999868e-012
1.150000000000063e+000	5.000000e+000	1.150000e+000	5.000000e+000	-1.000065e-011
1.140000000000063e+000	5.000000e+000	1.140000e+000	5.000000e+000	-1.000042e-011
1.130000000000063e+000	5.000000e+000	1.130000e+000	5.000000e+000	-1.000042e-011
1.120000000000063e+000	5.000000e+000	1.120000e+000	5.000000e+000	-1.000087e-011
1.110000000000063e+000	5.000000e+000	1.110000e+000	5.000000e+000	-1.000031e-011
1.100000000000063e+000	5.000000e+000	1.100000e+000	5.000000e+000	-1.000065e-011
1.090000000000063e+000	5.000000e+000	1.090000e+000	5.000000e+000	-1.000020e-011
1.080000000000063e+000	5.000000e+000	1.080000e+000	5.000000e+000	-1.000065e-011
1.070000000000063e+000	5.000000e+000	1.070000e+000	5.000000e+000	-1.000031e-011
1.060000000000063e+000	5.000000e+000	1.060000e+000	5.000000e+000	-1.000031e-011
1.050000000000063e+000	5.000000e+000	1.050000e+000	5.000000e+000	-1.000020e-011
1.040000000000063e+000	5.000000e+000	1.040000e+000	5.000000e+000	-1.000042e-011
1.030000000000063e+000	5.000000e+000	1.030000e+000	5.000000e+000	-1.000109e-011
1.020000000000063e+000	5.000000e+000	1.020000e+000	5.000000e+000	-1.000009e-011
1.010000000000063e+000	5.000000e+000	1.010000e+000	5.000000e+000	-1.000031e-011
1.000000000000063e+000	5.000000e+000	1.000000e+000	5.000000e+000	-1.000020e-011
9.900000000000631e-001	5.000000e+000	9.900000e-001	5.000000e+000	-1.000009e-011
9.800000000000630e-001	5.000000e+000	9.800000e-001	5.000000e+000	-1.000009e-011
9.700000000000630e-001	5.000000e+000	9.700000e-001	5.000000e+000	-1.000065e-011
9.600000000000630e-001	5.000000e+000	9.600000e-001	5.000000e+000	-1.000076e-011
9.500000000000630e-001	5.000000e+000	9.500000e-001	5.000000e+000	-1.000053e-011
9.400000000000630e-001	5.000000e+000	9.400000e-001	5.000000e+000	-1.000042e-011
9.300000000000630e-001	5.000000e+000	9.300000e-001	5.000000e+000	-1.000053e-011
9.200000000000630e-001	5.000000e+000	9.200000e-001	5.000000e+000	-1.000053e-011
9.100000000000630e-001	5.000000e+000	9.100000e-001	5.000000e+000	-1.000042e-011
9.000000000000630e-001	5.000000e+000	9.000000e-001	5.000000e+000	-1.000020e-011
8.900000000000630e-001	5.000000e+000	8.900000e-001	5.000000e+000	-1.000042e-011
8.800000000000630e-001	5.000000e+000	8.800000e-001	5.000000e+000	-1.000109e-011
8.700000000000630e-001	5.000000e+000	8.700000e-001	5.000000e+000	-1.000020e-011
8.600000000000629e-001	5.000000e+000	8.600000e-001	5.000000e+000	-1.000087e-011
8.500000000000629e-001	5.000000e+000	8.500000e-001	5.000000e+000	-1.000065e-011
8.400000000000629e-001	5.000000e+000	8.400000e-001	5.000000e+000	-1.000087e-011
8.300000000000629e-001	5.000000e+000	8.300000e-001	5.000000e+000	-1.000031e-011
8.200000000000629e-001	5.000000e+000	8.200000e-001	5.000000e+000	-1.000042e-011
8.100000000000629e-001	5.000000e+000	8.100000e-001	5.000000e+000	-1.000120e-011
8.000000000000629e-001	5.000000e+000	8.000000e-001	5.000000e+000	-1.000065e-011
7.900000000000629e-001	5.000000e+000	7.900000e-001	5.000000e+000	-1.000098e-011
7.800000000000629e-001	5.000000e+000	7.800000e-001	5.000000e+000	-1.000053e-011
7.700000000000629e-001	5.000000e+000	7.700000e-001	5.000000e+000	-1.000031e-011
7.600000000000629e-001	5.000000e+000	7.600000e-001	5.000000e+000	-1.000087e-011
7.500000000000628e-001	5.000000e+000	7.500000e-001	5.000000e+000	-1.000131e-011
7.400000000000628e-001	5.000000e+000	7.400000e-001	5.000000e+000	-1.000031e-011
7.300000000000628e-001	5.000000e+000	7.300000e-001	5.000000e+000	-1.000031e-011
7.200000000000628e-001	5.000000e+000	7.200000e-001	5.000000e+000	-1.000109e-011
7.100000000000628e-001	5.000000e+000	7.100000e-001	5.000000e+000	-1.000109e-011
7.000000000000628e-001	5.000000e+000	7.000000e-001	5.000000e+000	-1.000065e-011
6.900000000000628e-001	5.000000e+000	6.900000e-001	5.000000e+000	-1.000053e-011
6.800000000000628e-001	5.000000e+000	6.800000e-001	5.000000e+000	-1.000042e-011
6.700000000000628e-001	5.000000e+000	6.700000e-001	5.000000e+000	-1.000087e-011
6.600000000000628e-001	5.000000e+000	6.600000e-001	5.000000e+000	-1.000065e-011
6.500000000000628e-001	5.000000e+000	6.500000e-001	5.000000e+000	-1.000042e-011
6.400000000000627e-001	5.000000e+000	6.400000e-001	5.000000e+000	-1.000031e-011
6.300000000000627e-001	5.000000e+000	6.300000e-001	5.000000e+000	-1.000009e-011
6.200000000000627e-001	5.000000e+000	6.200000e-001	5.000000e+000	-1.000065e-011
6.100000000000627e-001	5.000000e+000	6.100000e-001	5.000000e+000	-1.000020e-011
6.000000000000627e-001	5.000000e+000	6.000000e-001	5.000000e+000	-1.000087e-011
5.900000000000627e-001	5.000000e+000	5.900000e-001	5.000000e+000	-9.999979e-012
5.800000000000627e-001	5.000000e+000	5.800000e-001	5.000000e+000	-9.999757e-012
5.700000000000627e-001	5.000000e+000	5.700000e-001	5.000000e+000	-1.000053e-011
5.600000000000627e-001	5.000000e+000	5.600000e-001	5.000000e+000	-1.000087e-011
5.500000000000627e-001	5.000000e+000	5.500000e-001	5.000000e+000	-1.000042e-011
5.400000000000627e-001	5.000000e+000	5.400000e-001	5.000000e+000	-1.000065e-011
5.300000000000626e-001	5.000000e+000	5.300000e-001	5.000000e+000	-1.000042e-011
5.200000000000626e-001	5.000000e+000	5.200000e-001	5.000000e+000	-1.000042e-011
5.100000000000626e-001	5.000000e+000	5.100000e-001	5.000000e+000	-1.000042e-011
5.000000000000626e-001	5.000000e+000	5.000000e-001	5.000000e+000	-1.000042e-011
4.900000000000626e-001	5.000000e+000	4.900000e-001	5.000000e+000	-1.000109e-011
4.800000000000626e-001	5.000000e+000	4.800000e-001	5.000000e+000	-1.000109e-011
4.700000000000626e-001	5.000000e+000	4.700000e-001	5.000000e+000	-1.000065e-011
4.600000000000626e-001	5.000000e+000	4.600000e-001	5.000000e+000	-1.000065e-011
4.500000000000626e-001	5.000000e+000	4.500000e-001	5.000000e+000	-1.000020e-011
4.400000000000626e-001	5.000000e+000	4.400000e-001	5.000000e+000	-1.000065e-011
4.300000000000626e-001	5.000000e+000	4.300000e-001	5.000000e+000	-1.000087e-011
4.200000000000626e-001	5.000000e+000	4.200000e-001	5.000000e+000	-1.000042e-011
4.100000000000625e-001	5.000000e+000	4.100000e-001	5.000000e+000	-1.000131e-011
4.000000000000625e-001	5.000000e+000	4.000000e-001	5.000000e+000	-1.000042e-011
3.900000000000625e-001	5.000000e+000	3.900000e-001	5.000000e+000	-1.000098e-011
3.800000000000625e-001	5.000000e+000	3.800000e-001	5.000000e+000	-1.000042e-011
3.700000000000625e-001	5.000000e+000	3.700000e-001	5.000000e+000	-1.000087e-011
3.600000000000625e-001	5.000000e+000	3.600000e-001	5.000000e+000	-9.999979e-012
3.500000000000625e-001	5.000000e+000	3.500000e-001	5.000000e+000	-1.000020e-011
3.400000000000625e-001	5.000000e+000	3.400000e-001	5.000000e+000	-9.999757e-012
3.300000000000625e-001	5.000000e+000	3.300000e-001	5.000000e+000	-1.000065e-011
3.200000000000625e-001	5.000000e+000	3.200000e-001	5.000000e+000	-1.000053e-011
3.100000000000625e-001	5.000000e+000	3.100000e-001	5.000000e+000	-1.000042e-011
3.000000000000624e-001	5.000000e+000	3.000000e-001	5.000000e+000	-1.000065e-011
2.900000000000624e-001	5.000000e+000	2.900000e-001	5.000000e+000	-1.000087e-011
2.800000000000624e-001	5.000000e+000	2.800000e-001	5.000000e+000	-1.000065e-011
2.700000000000624e-001	5.000000e+000	2.700000e-001	5.000000e+000	-1.000020e-011
2.600000000000624e-001	5.000000e+000	2.600000e-001	5.000000e+000	-1.000042e-011
2.500000000000624e-001	5.000000e+000	2.500000e-001	5.000000e+000	-1.000020e-011
2.400000000000624e-001	5.000000e+000	2.400000e-001	5.000000e+000	-1.000042e-011
2.300000000000624e-001	5.000000e+000	2.300000e-001	5.000000e+000	-1.000065e-011
2.200000000000624e-001	5.000000e+000	2.200000e-001	5.000000e+000	-1.000076e-011
2.100000000000624e-001	5.000000e+000	2.100000e-001	5.000000e+000	-1.000065e-011
2.000000000000624e-001	5.000000e+000	2.000000e-001	5.000000e+000	-1.000098e-011
1.900000000000623e-001	5.000000e+000	1.900000e-001	5.000000e+000	-1.000042e-011
1.800000000000623e-001	5.000000e+000	1.800000e-001	5.000000e+000	-1.000042e-011
1.700000000000623e-001	5.000000e+000	1.700000e-001	5.000000e+000	-1.000020e-011
1.600000000000623e-001	5.000000e+000	1.600000e-001	5.000000e+000	-1.000065e-011
1.500000000000623e-001	5.000000e+000	1.500000e-001	5.000000e+000	-1.000065e-011
1.400000000000623e-001	5.000000e+000	1.400000e-001	5.000000e+000	-1.000042e-011
1.300000000000623e-001	5.000000e+000	1.300000e-001	5.000000e+000	-1.000076e-011
1.200000000000623e-001	5.000000e+000	1.200000e-001	5.000000e+000	-1.000042e-011
1.100000000000623e-001	5.000000e+000	1.100000e-001	5.000000e+000	-1.000065e-011
1.000000000000623e-001	5.000000e+000	1.000000e-001	5.000000e+000	-9.999979e-012
9.000000000006231e-002	5.000000e+000	9.000000e-002	5.000000e+000	-1.000020e-011
8.000000000006231e-002	5.000000e+000	8.000000e-002	5.000000e+000	-1.000020e-011
7.000000000006232e-002	5.000000e+000	7.000000e-002	5.000000e+000	-1.000087e-011
6.000000000006232e-002	5.000000e+000	6.000000e-002	5.000000e+000	-1.000042e-011
5.000000000006231e-002	5.000000e+000	5.000000e-002	5.000000e+000	-1.000087e-011
4.000000000006231e-002	5.000000e+000	4.000000e-002	5.000000e+000	-1.000031e-011
3.000000000006231e-002	5.000000e+000	3.000000e-002	5.000000e+000	-1.000009e-011
2.000000000006231e-002	5.000000e+000	2.000000e-002	5.000000e+000	-1.000020e-011
1.000000000006231e-002	5.000000e+000	1.000000e-002	5.000000e+000	-1.000065e-011
0.000000000000000e+000	5.000000e+000	0.000000e+000	5.000000e+000	-1.000031e-011
