#Uin1	Uin1	Uin2	out	I(V3)
5.000000000000000e+000	5.000000e+000	0.000000e+000	2.781351e-011	-5.001014e-012
4.990000000000000e+000	4.990000e+000	0.000000e+000	2.785372e-011	-5.001014e-012
4.980000000000000e+000	4.980000e+000	0.000000e+000	2.789444e-011	-5.001014e-012
4.970000000000001e+000	4.970000e+000	0.000000e+000	2.793529e-011	-5.001014e-012
4.960000000000001e+000	4.960000e+000	0.000000e+000	2.797640e-011	-5.001014e-012
4.950000000000001e+000	4.950000e+000	0.000000e+000	2.801777e-011	-5.001014e-012
4.940000000000001e+000	4.940000e+000	0.000000e+000	2.805941e-011	-5.001014e-012
4.930000000000002e+000	4.930000e+000	0.000000e+000	2.810132e-011	-5.001014e-012
4.920000000000002e+000	4.920000e+000	0.000000e+000	2.814350e-011	-5.001014e-012
4.910000000000002e+000	4.910000e+000	0.000000e+000	2.818595e-011	-5.001014e-012
4.900000000000002e+000	4.900000e+000	0.000000e+000	2.822868e-011	-5.001014e-012
4.890000000000002e+000	4.890000e+000	0.000000e+000	2.827169e-011	-5.001014e-012
4.880000000000003e+000	4.880000e+000	0.000000e+000	2.831497e-011	-5.001014e-012
4.870000000000003e+000	4.870000e+000	0.000000e+000	2.835854e-011	-5.001014e-012
4.860000000000003e+000	4.860000e+000	0.000000e+000	2.840240e-011	-5.001014e-012
4.850000000000003e+000	4.850000e+000	0.000000e+000	2.844655e-011	-5.001014e-012
4.840000000000003e+000	4.840000e+000	0.000000e+000	2.849099e-011	-5.001014e-012
4.830000000000004e+000	4.830000e+000	0.000000e+000	2.853573e-011	-5.001014e-012
4.820000000000004e+000	4.820000e+000	0.000000e+000	2.858077e-011	-5.001014e-012
4.810000000000004e+000	4.810000e+000	0.000000e+000	2.862610e-011	-5.001014e-012
4.800000000000004e+000	4.800000e+000	0.000000e+000	2.867175e-011	-5.001014e-012
4.790000000000005e+000	4.790000e+000	0.000000e+000	2.871770e-011	-5.001014e-012
4.780000000000005e+000	4.780000e+000	0.000000e+000	2.876396e-011	-5.001014e-012
4.770000000000005e+000	4.770000e+000	0.000000e+000	2.881053e-011	-5.001014e-012
4.760000000000005e+000	4.760000e+000	0.000000e+000	2.885743e-011	-5.001014e-012
4.750000000000005e+000	4.750000e+000	0.000000e+000	2.890464e-011	-5.001014e-012
4.740000000000006e+000	4.740000e+000	0.000000e+000	2.895218e-011	-5.001014e-012
4.730000000000006e+000	4.730000e+000	0.000000e+000	2.900004e-011	-5.001014e-012
4.720000000000006e+000	4.720000e+000	0.000000e+000	2.904823e-011	-5.001014e-012
4.710000000000006e+000	4.710000e+000	0.000000e+000	2.909676e-011	-5.001014e-012
4.700000000000006e+000	4.700000e+000	0.000000e+000	2.914563e-011	-5.001014e-012
4.690000000000007e+000	4.690000e+000	0.000000e+000	2.919484e-011	-5.001014e-012
4.680000000000007e+000	4.680000e+000	0.000000e+000	2.924439e-011	-5.001014e-012
4.670000000000007e+000	4.670000e+000	0.000000e+000	2.929429e-011	-5.001014e-012
4.660000000000007e+000	4.660000e+000	0.000000e+000	2.934454e-011	-5.001014e-012
4.650000000000008e+000	4.650000e+000	0.000000e+000	2.939515e-011	-5.001014e-012
4.640000000000008e+000	4.640000e+000	0.000000e+000	2.944611e-011	-5.001014e-012
4.630000000000008e+000	4.630000e+000	0.000000e+000	2.949744e-011	-5.001014e-012
4.620000000000008e+000	4.620000e+000	0.000000e+000	2.954914e-011	-5.001014e-012
4.610000000000008e+000	4.610000e+000	0.000000e+000	2.960121e-011	-5.001014e-012
4.600000000000009e+000	4.600000e+000	0.000000e+000	2.965365e-011	-5.001014e-012
4.590000000000009e+000	4.590000e+000	0.000000e+000	2.970647e-011	-5.001014e-012
4.580000000000009e+000	4.580000e+000	0.000000e+000	2.975968e-011	-5.001014e-012
4.570000000000009e+000	4.570000e+000	0.000000e+000	2.981327e-011	-5.001014e-012
4.560000000000009e+000	4.560000e+000	0.000000e+000	2.986726e-011	-5.001014e-012
4.550000000000010e+000	4.550000e+000	0.000000e+000	2.992164e-011	-5.001014e-012
4.540000000000010e+000	4.540000e+000	0.000000e+000	2.997642e-011	-5.001014e-012
4.530000000000010e+000	4.530000e+000	0.000000e+000	3.003161e-011	-5.001014e-012
4.520000000000010e+000	4.520000e+000	0.000000e+000	3.008720e-011	-5.001014e-012
4.510000000000010e+000	4.510000e+000	0.000000e+000	3.014321e-011	-5.001014e-012
4.500000000000011e+000	4.500000e+000	0.000000e+000	3.019964e-011	-5.001014e-012
4.490000000000011e+000	4.490000e+000	0.000000e+000	3.025650e-011	-5.001014e-012
4.480000000000011e+000	4.480000e+000	0.000000e+000	3.031378e-011	-5.001014e-012
4.470000000000011e+000	4.470000e+000	0.000000e+000	3.037149e-011	-5.001014e-012
4.460000000000012e+000	4.460000e+000	0.000000e+000	3.042964e-011	-5.001014e-012
4.450000000000012e+000	4.450000e+000	0.000000e+000	3.048823e-011	-5.001014e-012
4.440000000000012e+000	4.440000e+000	0.000000e+000	3.054727e-011	-5.001014e-012
4.430000000000012e+000	4.430000e+000	0.000000e+000	3.060677e-011	-5.001014e-012
4.420000000000012e+000	4.420000e+000	0.000000e+000	3.066672e-011	-5.001014e-012
4.410000000000013e+000	4.410000e+000	0.000000e+000	3.072714e-011	-5.001014e-012
4.400000000000013e+000	4.400000e+000	0.000000e+000	3.078802e-011	-5.001014e-012
4.390000000000013e+000	4.390000e+000	0.000000e+000	3.084939e-011	-5.001014e-012
4.380000000000013e+000	4.380000e+000	0.000000e+000	3.091122e-011	-5.001014e-012
4.370000000000013e+000	4.370000e+000	0.000000e+000	3.097355e-011	-5.001014e-012
4.360000000000014e+000	4.360000e+000	0.000000e+000	3.103637e-011	-5.001014e-012
4.350000000000014e+000	4.350000e+000	0.000000e+000	3.109969e-011	-5.001014e-012
4.340000000000014e+000	4.340000e+000	0.000000e+000	3.116351e-011	-5.001014e-012
4.330000000000014e+000	4.330000e+000	0.000000e+000	3.122783e-011	-5.001014e-012
4.320000000000015e+000	4.320000e+000	0.000000e+000	3.129268e-011	-5.001014e-012
4.310000000000015e+000	4.310000e+000	0.000000e+000	3.135804e-011	-5.001014e-012
4.300000000000015e+000	4.300000e+000	0.000000e+000	3.142393e-011	-5.001014e-012
4.290000000000015e+000	4.290000e+000	0.000000e+000	3.149036e-011	-5.001014e-012
4.280000000000015e+000	4.280000e+000	0.000000e+000	3.155733e-011	-5.001014e-012
4.270000000000016e+000	4.270000e+000	0.000000e+000	3.162485e-011	-5.001014e-012
4.260000000000016e+000	4.260000e+000	0.000000e+000	3.169292e-011	-5.001014e-012
4.250000000000016e+000	4.250000e+000	0.000000e+000	3.176155e-011	-5.001014e-012
4.240000000000016e+000	4.240000e+000	0.000000e+000	3.183075e-011	-5.001014e-012
4.230000000000016e+000	4.230000e+000	0.000000e+000	3.190052e-011	-5.001014e-012
4.220000000000017e+000	4.220000e+000	0.000000e+000	3.197088e-011	-5.001014e-012
4.210000000000017e+000	4.210000e+000	0.000000e+000	3.204183e-011	-5.001014e-012
4.200000000000017e+000	4.200000e+000	0.000000e+000	3.211337e-011	-5.001014e-012
4.190000000000017e+000	4.190000e+000	0.000000e+000	3.218552e-011	-5.001014e-012
4.180000000000018e+000	4.180000e+000	0.000000e+000	3.225828e-011	-5.001014e-012
4.170000000000018e+000	4.170000e+000	0.000000e+000	3.233166e-011	-5.001014e-012
4.160000000000018e+000	4.160000e+000	0.000000e+000	3.240567e-011	-5.001014e-012
4.150000000000018e+000	4.150000e+000	0.000000e+000	3.248032e-011	-5.001014e-012
4.140000000000018e+000	4.140000e+000	0.000000e+000	3.255561e-011	-5.001014e-012
4.130000000000019e+000	4.130000e+000	0.000000e+000	3.263155e-011	-5.001014e-012
4.120000000000019e+000	4.120000e+000	0.000000e+000	3.270816e-011	-5.001014e-012
4.110000000000019e+000	4.110000e+000	0.000000e+000	3.278543e-011	-5.001014e-012
4.100000000000019e+000	4.100000e+000	0.000000e+000	3.286339e-011	-5.001014e-012
4.090000000000019e+000	4.090000e+000	0.000000e+000	3.294203e-011	-5.001014e-012
4.080000000000020e+000	4.080000e+000	0.000000e+000	3.302137e-011	-5.001014e-012
4.070000000000020e+000	4.070000e+000	0.000000e+000	3.310142e-011	-5.001014e-012
4.060000000000020e+000	4.060000e+000	0.000000e+000	3.318218e-011	-5.001014e-012
4.050000000000020e+000	4.050000e+000	0.000000e+000	3.326367e-011	-5.001014e-012
4.040000000000021e+000	4.040000e+000	0.000000e+000	3.334589e-011	-5.001014e-012
4.030000000000021e+000	4.030000e+000	0.000000e+000	3.342886e-011	-5.001014e-012
4.020000000000021e+000	4.020000e+000	0.000000e+000	3.351259e-011	-5.001014e-012
4.010000000000021e+000	4.010000e+000	0.000000e+000	3.359708e-011	-5.001014e-012
4.000000000000021e+000	4.000000e+000	0.000000e+000	3.368235e-011	-5.001014e-012
3.990000000000022e+000	3.990000e+000	0.000000e+000	3.376840e-011	-5.001014e-012
3.980000000000022e+000	3.980000e+000	0.000000e+000	3.385525e-011	-5.001014e-012
3.970000000000022e+000	3.970000e+000	0.000000e+000	3.394291e-011	-5.001014e-012
3.960000000000022e+000	3.960000e+000	0.000000e+000	3.403140e-011	-5.001014e-012
3.950000000000022e+000	3.950000e+000	0.000000e+000	3.412071e-011	-5.001014e-012
3.940000000000023e+000	3.940000e+000	0.000000e+000	3.421087e-011	-5.001014e-012
3.930000000000023e+000	3.930000e+000	0.000000e+000	3.430189e-011	-5.001014e-012
3.920000000000023e+000	3.920000e+000	0.000000e+000	3.439377e-011	-5.001014e-012
3.910000000000023e+000	3.910000e+000	0.000000e+000	3.448654e-011	-5.001014e-012
3.900000000000023e+000	3.900000e+000	0.000000e+000	3.458020e-011	-5.001014e-012
3.890000000000024e+000	3.890000e+000	0.000000e+000	3.467476e-011	-5.001014e-012
3.880000000000024e+000	3.880000e+000	0.000000e+000	3.477025e-011	-5.001014e-012
3.870000000000024e+000	3.870000e+000	0.000000e+000	3.486667e-011	-5.001014e-012
3.860000000000024e+000	3.860000e+000	0.000000e+000	3.496404e-011	-5.001014e-012
3.850000000000025e+000	3.850000e+000	0.000000e+000	3.506236e-011	-5.001014e-012
3.840000000000025e+000	3.840000e+000	0.000000e+000	3.516167e-011	-5.001014e-012
3.830000000000025e+000	3.830000e+000	0.000000e+000	3.526196e-011	-5.001014e-012
3.820000000000025e+000	3.820000e+000	0.000000e+000	3.536325e-011	-5.001014e-012
3.810000000000025e+000	3.810000e+000	0.000000e+000	3.546557e-011	-5.001014e-012
3.800000000000026e+000	3.800000e+000	0.000000e+000	3.556893e-011	-5.001014e-012
3.790000000000026e+000	3.790000e+000	0.000000e+000	3.567333e-011	-5.001014e-012
3.780000000000026e+000	3.780000e+000	0.000000e+000	3.577880e-011	-5.001014e-012
3.770000000000026e+000	3.770000e+000	0.000000e+000	3.588536e-011	-5.001014e-012
3.760000000000026e+000	3.760000e+000	0.000000e+000	3.599302e-011	-5.001014e-012
3.750000000000027e+000	3.750000e+000	0.000000e+000	3.610179e-011	-5.001014e-012
3.740000000000027e+000	3.740000e+000	0.000000e+000	3.621170e-011	-5.001014e-012
3.730000000000027e+000	3.730000e+000	0.000000e+000	3.632277e-011	-5.001014e-012
3.720000000000027e+000	3.720000e+000	0.000000e+000	3.643500e-011	-5.001014e-012
3.710000000000028e+000	3.710000e+000	0.000000e+000	3.654843e-011	-5.001014e-012
3.700000000000028e+000	3.700000e+000	0.000000e+000	3.666306e-011	-5.001014e-012
3.690000000000028e+000	3.690000e+000	0.000000e+000	3.677893e-011	-5.001014e-012
3.680000000000028e+000	3.680000e+000	0.000000e+000	3.689604e-011	-5.001014e-012
3.670000000000028e+000	3.670000e+000	0.000000e+000	3.701442e-011	-5.001014e-012
3.660000000000029e+000	3.660000e+000	0.000000e+000	3.713409e-011	-5.001014e-012
3.650000000000029e+000	3.650000e+000	0.000000e+000	3.725507e-011	-5.001014e-012
3.640000000000029e+000	3.640000e+000	0.000000e+000	3.737739e-011	-5.001014e-012
3.630000000000029e+000	3.630000e+000	0.000000e+000	3.750105e-011	-5.001014e-012
3.620000000000029e+000	3.620000e+000	0.000000e+000	3.762610e-011	-5.001014e-012
3.610000000000030e+000	3.610000e+000	0.000000e+000	3.775254e-011	-5.001014e-012
3.600000000000030e+000	3.600000e+000	0.000000e+000	3.788041e-011	-5.001014e-012
3.590000000000030e+000	3.590000e+000	0.000000e+000	3.800973e-011	-5.001014e-012
3.580000000000030e+000	3.580000e+000	0.000000e+000	3.814052e-011	-5.001014e-012
3.570000000000031e+000	3.570000e+000	0.000000e+000	3.827281e-011	-5.001014e-012
3.560000000000031e+000	3.560000e+000	0.000000e+000	3.840662e-011	-5.001014e-012
3.550000000000031e+000	3.550000e+000	0.000000e+000	3.854199e-011	-5.001014e-012
3.540000000000031e+000	3.540000e+000	0.000000e+000	3.867893e-011	-5.001014e-012
3.530000000000031e+000	3.530000e+000	0.000000e+000	3.881747e-011	-5.001014e-012
3.520000000000032e+000	3.520000e+000	0.000000e+000	3.895765e-011	-5.001014e-012
3.510000000000032e+000	3.510000e+000	0.000000e+000	3.909950e-011	-5.001014e-012
3.500000000000032e+000	3.500000e+000	0.000000e+000	3.924303e-011	-5.001014e-012
3.490000000000032e+000	3.490000e+000	0.000000e+000	3.938829e-011	-5.001014e-012
3.480000000000032e+000	3.480000e+000	0.000000e+000	3.953530e-011	-5.001014e-012
3.470000000000033e+000	3.470000e+000	0.000000e+000	3.968410e-011	-5.001014e-012
3.460000000000033e+000	3.460000e+000	0.000000e+000	3.983472e-011	-5.001014e-012
3.450000000000033e+000	3.450000e+000	0.000000e+000	3.998719e-011	-5.001014e-012
3.440000000000033e+000	3.440000e+000	0.000000e+000	4.014155e-011	-5.001014e-012
3.430000000000034e+000	3.430000e+000	0.000000e+000	4.029783e-011	-5.001014e-012
3.420000000000034e+000	3.420000e+000	0.000000e+000	4.045607e-011	-5.001014e-012
3.410000000000034e+000	3.410000e+000	0.000000e+000	4.061631e-011	-5.001014e-012
3.400000000000034e+000	3.400000e+000	0.000000e+000	4.077857e-011	-5.001014e-012
3.390000000000034e+000	3.390000e+000	0.000000e+000	4.094291e-011	-5.001014e-012
3.380000000000035e+000	3.380000e+000	0.000000e+000	4.110937e-011	-5.001014e-012
3.370000000000035e+000	3.370000e+000	0.000000e+000	4.127797e-011	-5.001014e-012
3.360000000000035e+000	3.360000e+000	0.000000e+000	4.144877e-011	-5.001014e-012
3.350000000000035e+000	3.350000e+000	0.000000e+000	4.162181e-011	-5.001014e-012
3.340000000000035e+000	3.340000e+000	0.000000e+000	4.179713e-011	-5.001014e-012
3.330000000000036e+000	3.330000e+000	0.000000e+000	4.197478e-011	-5.001014e-012
3.320000000000036e+000	3.320000e+000	0.000000e+000	4.215481e-011	-5.001014e-012
3.310000000000036e+000	3.310000e+000	0.000000e+000	4.233726e-011	-5.001014e-012
3.300000000000036e+000	3.300000e+000	0.000000e+000	4.252218e-011	-5.001014e-012
3.290000000000037e+000	3.290000e+000	0.000000e+000	4.270962e-011	-5.001014e-012
3.280000000000037e+000	3.280000e+000	0.000000e+000	4.289964e-011	-5.001014e-012
3.270000000000037e+000	3.270000e+000	0.000000e+000	4.309229e-011	-5.001014e-012
3.260000000000037e+000	3.260000e+000	0.000000e+000	4.328762e-011	-5.001014e-012
3.250000000000037e+000	3.250000e+000	0.000000e+000	4.348569e-011	-5.001014e-012
3.240000000000038e+000	3.240000e+000	0.000000e+000	4.368655e-011	-5.001014e-012
3.230000000000038e+000	3.230000e+000	0.000000e+000	4.389028e-011	-5.001014e-012
3.220000000000038e+000	3.220000e+000	0.000000e+000	4.409692e-011	-5.001014e-012
3.210000000000038e+000	3.210000e+000	0.000000e+000	4.430655e-011	-5.001014e-012
3.200000000000038e+000	3.200000e+000	0.000000e+000	4.451922e-011	-5.001014e-012
3.190000000000039e+000	3.190000e+000	0.000000e+000	4.473500e-011	-5.001014e-012
3.180000000000039e+000	3.180000e+000	0.000000e+000	4.495397e-011	-5.001014e-012
3.170000000000039e+000	3.170000e+000	0.000000e+000	4.517619e-011	-5.001014e-012
3.160000000000039e+000	3.160000e+000	0.000000e+000	4.540174e-011	-5.001014e-012
3.150000000000039e+000	3.150000e+000	0.000000e+000	4.563069e-011	-5.001014e-012
3.140000000000040e+000	3.140000e+000	0.000000e+000	4.586312e-011	-5.001014e-012
3.130000000000040e+000	3.130000e+000	0.000000e+000	4.609911e-011	-5.001014e-012
3.120000000000040e+000	3.120000e+000	0.000000e+000	4.633874e-011	-5.001014e-012
3.110000000000040e+000	3.110000e+000	0.000000e+000	4.658210e-011	-5.001014e-012
3.100000000000041e+000	3.100000e+000	0.000000e+000	4.682927e-011	-5.001014e-012
3.090000000000041e+000	3.090000e+000	0.000000e+000	4.708035e-011	-5.001014e-012
3.080000000000041e+000	3.080000e+000	0.000000e+000	4.733542e-011	-5.001014e-012
3.070000000000041e+000	3.070000e+000	0.000000e+000	4.759459e-011	-5.001014e-012
3.060000000000041e+000	3.060000e+000	0.000000e+000	4.785796e-011	-5.001014e-012
3.050000000000042e+000	3.050000e+000	0.000000e+000	4.812562e-011	-5.001014e-012
3.040000000000042e+000	3.040000e+000	0.000000e+000	4.839768e-011	-5.001014e-012
3.030000000000042e+000	3.030000e+000	0.000000e+000	4.867425e-011	-5.001014e-012
3.020000000000042e+000	3.020000e+000	0.000000e+000	4.895545e-011	-5.001014e-012
3.010000000000042e+000	3.010000e+000	0.000000e+000	4.924139e-011	-5.001014e-012
3.000000000000043e+000	3.000000e+000	0.000000e+000	4.953219e-011	-5.001014e-012
2.990000000000043e+000	2.990000e+000	0.000000e+000	4.982799e-011	-5.001014e-012
2.980000000000043e+000	2.980000e+000	0.000000e+000	5.012889e-011	-5.001014e-012
2.970000000000043e+000	2.970000e+000	0.000000e+000	5.043506e-011	-5.001014e-012
2.960000000000044e+000	2.960000e+000	0.000000e+000	5.074660e-011	-5.001014e-012
2.950000000000044e+000	2.950000e+000	0.000000e+000	5.106369e-011	-5.001014e-012
2.940000000000044e+000	2.940000e+000	0.000000e+000	5.138645e-011	-5.001014e-012
2.930000000000044e+000	2.930000e+000	0.000000e+000	5.171506e-011	-5.001014e-012
2.920000000000044e+000	2.920000e+000	0.000000e+000	5.204966e-011	-5.001014e-012
2.910000000000045e+000	2.910000e+000	0.000000e+000	5.239042e-011	-5.001014e-012
2.900000000000045e+000	2.900000e+000	0.000000e+000	5.273752e-011	-5.001014e-012
2.890000000000045e+000	2.890000e+000	0.000000e+000	5.309113e-011	-5.001014e-012
2.880000000000045e+000	2.880000e+000	0.000000e+000	5.345143e-011	-5.001014e-012
2.870000000000045e+000	2.870000e+000	0.000000e+000	5.381862e-011	-5.001014e-012
2.860000000000046e+000	2.860000e+000	0.000000e+000	5.419291e-011	-5.001014e-012
2.850000000000046e+000	2.850000e+000	0.000000e+000	5.457448e-011	-5.001014e-012
2.840000000000046e+000	2.840000e+000	0.000000e+000	5.496358e-011	-5.001014e-012
2.830000000000046e+000	2.830000e+000	0.000000e+000	5.536040e-011	-5.001014e-012
2.820000000000047e+000	2.820000e+000	0.000000e+000	5.576519e-011	-5.001014e-012
2.810000000000047e+000	2.810000e+000	0.000000e+000	5.617820e-011	-5.001014e-012
2.800000000000047e+000	2.800000e+000	0.000000e+000	5.659967e-011	-5.001014e-012
2.790000000000047e+000	2.790000e+000	0.000000e+000	5.702986e-011	-5.001014e-012
2.780000000000047e+000	2.780000e+000	0.000000e+000	5.746905e-011	-5.001014e-012
2.770000000000048e+000	2.770000e+000	0.000000e+000	5.791754e-011	-5.001014e-012
2.760000000000048e+000	2.760000e+000	0.000000e+000	5.837560e-011	-5.001014e-012
2.750000000000048e+000	2.750000e+000	0.000000e+000	5.884356e-011	-5.001014e-012
2.740000000000048e+000	2.740000e+000	0.000000e+000	5.932173e-011	-5.001014e-012
2.730000000000048e+000	2.730000e+000	0.000000e+000	5.981046e-011	-5.001014e-012
2.720000000000049e+000	2.720000e+000	0.000000e+000	6.031009e-011	-5.001014e-012
2.710000000000049e+000	2.710000e+000	0.000000e+000	6.082101e-011	-5.001014e-012
2.700000000000049e+000	2.700000e+000	0.000000e+000	6.134359e-011	-5.001014e-012
2.690000000000049e+000	2.690000e+000	0.000000e+000	6.187824e-011	-5.001014e-012
2.680000000000050e+000	2.680000e+000	0.000000e+000	6.242538e-011	-5.001014e-012
2.670000000000050e+000	2.670000e+000	0.000000e+000	6.298546e-011	-5.001014e-012
2.660000000000050e+000	2.660000e+000	0.000000e+000	6.355893e-011	-5.001014e-012
2.650000000000050e+000	2.650000e+000	0.000000e+000	6.414629e-011	-5.001014e-012
2.640000000000050e+000	2.640000e+000	0.000000e+000	6.474805e-011	-5.001014e-012
2.630000000000051e+000	2.630000e+000	0.000000e+000	6.536473e-011	-5.001014e-012
2.620000000000051e+000	2.620000e+000	0.000000e+000	6.599692e-011	-5.001014e-012
2.610000000000051e+000	2.610000e+000	0.000000e+000	6.664519e-011	-5.001014e-012
2.600000000000051e+000	2.600000e+000	0.000000e+000	6.731017e-011	-5.001014e-012
2.590000000000051e+000	2.590000e+000	0.000000e+000	6.799251e-011	-5.001014e-012
2.580000000000052e+000	2.580000e+000	0.000000e+000	6.869290e-011	-5.001014e-012
2.570000000000052e+000	2.570000e+000	0.000000e+000	6.941207e-011	-5.001014e-012
2.560000000000052e+000	2.560000e+000	0.000000e+000	7.015078e-011	-5.001014e-012
2.550000000000052e+000	2.550000e+000	0.000000e+000	7.090984e-011	-5.001014e-012
2.540000000000052e+000	2.540000e+000	0.000000e+000	7.169011e-011	-5.001014e-012
2.530000000000053e+000	2.530000e+000	0.000000e+000	7.249247e-011	-5.001014e-012
2.520000000000053e+000	2.520000e+000	0.000000e+000	7.331790e-011	-5.001014e-012
2.510000000000053e+000	2.510000e+000	0.000000e+000	7.416739e-011	-5.001014e-012
2.500000000000053e+000	2.500000e+000	0.000000e+000	7.504201e-011	-5.001014e-012
2.490000000000054e+000	2.490000e+000	0.000000e+000	7.594290e-011	-5.001014e-012
2.480000000000054e+000	2.480000e+000	0.000000e+000	7.687125e-011	-5.001014e-012
2.470000000000054e+000	2.470000e+000	0.000000e+000	7.782835e-011	-5.001014e-012
2.460000000000054e+000	2.460000e+000	0.000000e+000	7.881554e-011	-5.001014e-012
2.450000000000054e+000	2.450000e+000	0.000000e+000	7.983427e-011	-5.001014e-012
2.440000000000055e+000	2.440000e+000	0.000000e+000	8.088608e-011	-5.001014e-012
2.430000000000055e+000	2.430000e+000	0.000000e+000	8.197260e-011	-5.001014e-012
2.420000000000055e+000	2.420000e+000	0.000000e+000	8.309558e-011	-5.001014e-012
2.410000000000055e+000	2.410000e+000	0.000000e+000	8.425689e-011	-5.001014e-012
2.400000000000055e+000	2.400000e+000	0.000000e+000	8.545852e-011	-5.001014e-012
2.390000000000056e+000	2.390000e+000	0.000000e+000	8.670261e-011	-5.001014e-012
2.380000000000056e+000	2.380000e+000	0.000000e+000	8.799145e-011	-5.001014e-012
2.370000000000056e+000	2.370000e+000	0.000000e+000	8.932750e-011	-5.001014e-012
2.360000000000056e+000	2.360000e+000	0.000000e+000	9.071342e-011	-5.001014e-012
2.350000000000057e+000	2.350000e+000	0.000000e+000	9.215202e-011	-5.001014e-012
2.340000000000057e+000	2.340000e+000	0.000000e+000	9.364638e-011	-5.001014e-012
2.330000000000057e+000	2.330000e+000	0.000000e+000	9.519981e-011	-5.001014e-012
2.320000000000057e+000	2.320000e+000	0.000000e+000	9.681587e-011	-5.001014e-012
2.310000000000057e+000	2.310000e+000	0.000000e+000	9.849845e-011	-5.001014e-012
2.300000000000058e+000	2.300000e+000	0.000000e+000	1.002517e-010	-5.001014e-012
2.290000000000058e+000	2.290000e+000	0.000000e+000	1.020802e-010	-5.001014e-012
2.280000000000058e+000	2.280000e+000	0.000000e+000	1.039889e-010	-5.001014e-012
2.270000000000058e+000	2.270000e+000	0.000000e+000	1.059832e-010	-5.001014e-012
2.260000000000058e+000	2.260000e+000	0.000000e+000	1.080690e-010	-5.001014e-012
2.250000000000059e+000	2.250000e+000	0.000000e+000	1.102527e-010	-5.001014e-012
2.240000000000059e+000	2.240000e+000	0.000000e+000	1.125414e-010	-5.001014e-012
2.230000000000059e+000	2.230000e+000	0.000000e+000	1.149429e-010	-5.001014e-012
2.220000000000059e+000	2.220000e+000	0.000000e+000	1.174656e-010	-5.001014e-012
2.210000000000060e+000	2.210000e+000	0.000000e+000	1.201190e-010	-5.001014e-012
2.200000000000060e+000	2.200000e+000	0.000000e+000	1.229136e-010	-5.001014e-012
2.190000000000060e+000	2.190000e+000	0.000000e+000	1.258609e-010	-5.001014e-012
2.180000000000060e+000	2.180000e+000	0.000000e+000	1.289738e-010	-5.001014e-012
2.170000000000060e+000	2.170000e+000	0.000000e+000	1.322666e-010	-5.001014e-012
2.160000000000061e+000	2.160000e+000	0.000000e+000	1.357554e-010	-5.001014e-012
2.150000000000061e+000	2.150000e+000	0.000000e+000	1.394582e-010	-5.001014e-012
2.140000000000061e+000	2.140000e+000	0.000000e+000	1.433954e-010	-5.001014e-012
2.130000000000061e+000	2.130000e+000	0.000000e+000	1.475899e-010	-5.001014e-012
2.120000000000061e+000	2.120000e+000	0.000000e+000	2.091739e-005	-6.878765e-007
2.110000000000062e+000	2.110000e+000	0.000000e+000	1.934247e-004	-6.164967e-006
2.100000000000062e+000	2.100000e+000	0.000000e+000	5.528685e-004	-1.705377e-005
2.090000000000062e+000	2.090000e+000	0.000000e+000	1.117124e-003	-3.328734e-005
2.080000000000062e+000	2.080000e+000	0.000000e+000	1.907375e-003	-5.480009e-005
2.070000000000063e+000	2.070000e+000	0.000000e+000	2.949248e-003	-8.152777e-005
2.060000000000063e+000	2.060000e+000	0.000000e+000	4.274030e-003	-1.134074e-004
2.050000000000063e+000	2.050000e+000	0.000000e+000	5.920462e-003	-1.503771e-004
2.040000000000063e+000	2.040000e+000	0.000000e+000	7.937303e-003	-1.923765e-004
2.030000000000063e+000	2.030000e+000	0.000000e+000	1.038715e-002	-2.393461e-004
2.020000000000064e+000	2.020000e+000	0.000000e+000	1.335231e-002	-2.912276e-004
2.010000000000064e+000	2.010000e+000	0.000000e+000	1.694433e-002	-3.479640e-004
2.000000000000064e+000	2.000000e+000	0.000000e+000	2.132020e-002	-4.094991e-004
1.990000000000064e+000	1.990000e+000	0.000000e+000	2.671228e-002	-4.757780e-004
1.980000000000064e+000	1.980000e+000	0.000000e+000	3.348906e-002	-5.467466e-004
1.970000000000064e+000	1.970000e+000	0.000000e+000	4.229705e-002	-6.223520e-004
1.960000000000064e+000	1.960000e+000	0.000000e+000	5.453962e-002	-7.025421e-004
1.950000000000064e+000	1.950000e+000	0.000000e+000	7.425381e-002	-7.872660e-004
1.940000000000064e+000	1.940000e+000	0.000000e+000	4.840123e+000	-8.114188e-004
1.930000000000064e+000	1.930000e+000	0.000000e+000	4.892424e+000	-6.788227e-004
1.920000000000064e+000	1.920000e+000	0.000000e+000	4.922483e+000	-5.578339e-004
1.910000000000064e+000	1.910000e+000	0.000000e+000	4.941497e+000	-4.485176e-004
1.900000000000064e+000	1.900000e+000	0.000000e+000	4.956776e+000	-3.509395e-004
1.890000000000064e+000	1.890000e+000	0.000000e+000	4.968969e+000	-2.651660e-004
1.880000000000064e+000	1.880000e+000	0.000000e+000	4.978567e+000	-1.912639e-004
1.870000000000064e+000	1.870000e+000	0.000000e+000	4.986044e+000	-1.293011e-004
1.860000000000064e+000	1.860000e+000	0.000000e+000	4.991714e+000	-7.934572e-005
1.850000000000064e+000	1.850000e+000	0.000000e+000	4.995796e+000	-4.146671e-005
1.840000000000064e+000	1.840000e+000	0.000000e+000	4.998447e+000	-1.573366e-005
1.830000000000064e+000	1.830000e+000	0.000000e+000	4.999788e+000	-2.216843e-006
1.820000000000064e+000	1.820000e+000	0.000000e+000	5.000001e+000	-2.000175e-011
1.810000000000064e+000	1.810000e+000	0.000000e+000	5.000000e+000	-2.000198e-011
1.800000000000064e+000	1.800000e+000	0.000000e+000	5.000000e+000	-2.000165e-011
1.790000000000064e+000	1.790000e+000	0.000000e+000	5.000000e+000	-2.000187e-011
1.780000000000064e+000	1.780000e+000	0.000000e+000	5.000000e+000	-2.000187e-011
1.770000000000064e+000	1.770000e+000	0.000000e+000	5.000000e+000	-2.000198e-011
1.760000000000064e+000	1.760000e+000	0.000000e+000	5.000000e+000	-2.000187e-011
1.750000000000064e+000	1.750000e+000	0.000000e+000	5.000000e+000	-2.000131e-011
1.740000000000064e+000	1.740000e+000	0.000000e+000	5.000000e+000	-2.000187e-011
1.730000000000064e+000	1.730000e+000	0.000000e+000	5.000000e+000	-2.000165e-011
1.720000000000064e+000	1.720000e+000	0.000000e+000	5.000000e+000	-2.000187e-011
1.710000000000064e+000	1.710000e+000	0.000000e+000	5.000000e+000	-2.000187e-011
1.700000000000064e+000	1.700000e+000	0.000000e+000	5.000000e+000	-2.000187e-011
1.690000000000064e+000	1.690000e+000	0.000000e+000	5.000000e+000	-2.000187e-011
1.680000000000064e+000	1.680000e+000	0.000000e+000	5.000000e+000	-2.000176e-011
1.670000000000064e+000	1.670000e+000	0.000000e+000	5.000000e+000	-2.000165e-011
1.660000000000064e+000	1.660000e+000	0.000000e+000	5.000000e+000	-2.000198e-011
1.650000000000064e+000	1.650000e+000	0.000000e+000	5.000000e+000	-2.000165e-011
1.640000000000064e+000	1.640000e+000	0.000000e+000	5.000000e+000	-2.000187e-011
1.630000000000064e+000	1.630000e+000	0.000000e+000	5.000000e+000	-2.000176e-011
1.620000000000064e+000	1.620000e+000	0.000000e+000	5.000000e+000	-2.000187e-011
1.610000000000064e+000	1.610000e+000	0.000000e+000	5.000000e+000	-2.000176e-011
1.600000000000064e+000	1.600000e+000	0.000000e+000	5.000000e+000	-2.000187e-011
1.590000000000064e+000	1.590000e+000	0.000000e+000	5.000000e+000	-2.000176e-011
1.580000000000064e+000	1.580000e+000	0.000000e+000	5.000000e+000	-2.000187e-011
1.570000000000064e+000	1.570000e+000	0.000000e+000	5.000000e+000	-2.000187e-011
1.560000000000064e+000	1.560000e+000	0.000000e+000	5.000000e+000	-2.000198e-011
1.550000000000064e+000	1.550000e+000	0.000000e+000	5.000000e+000	-2.000154e-011
1.540000000000064e+000	1.540000e+000	0.000000e+000	5.000000e+000	-2.000176e-011
1.530000000000064e+000	1.530000e+000	0.000000e+000	5.000000e+000	-2.000154e-011
1.520000000000064e+000	1.520000e+000	0.000000e+000	5.000000e+000	-2.000165e-011
1.510000000000064e+000	1.510000e+000	0.000000e+000	5.000000e+000	-2.000187e-011
1.500000000000064e+000	1.500000e+000	0.000000e+000	5.000000e+000	-2.000187e-011
1.490000000000064e+000	1.490000e+000	0.000000e+000	5.000000e+000	-2.000187e-011
1.480000000000064e+000	1.480000e+000	0.000000e+000	5.000000e+000	-2.000176e-011
1.470000000000064e+000	1.470000e+000	0.000000e+000	5.000000e+000	-2.000154e-011
1.460000000000064e+000	1.460000e+000	0.000000e+000	5.000000e+000	-2.000176e-011
1.450000000000064e+000	1.450000e+000	0.000000e+000	5.000000e+000	-2.000176e-011
1.440000000000064e+000	1.440000e+000	0.000000e+000	5.000000e+000	-2.000176e-011
1.430000000000063e+000	1.430000e+000	0.000000e+000	5.000000e+000	-2.000176e-011
1.420000000000063e+000	1.420000e+000	0.000000e+000	5.000000e+000	-2.000165e-011
1.410000000000063e+000	1.410000e+000	0.000000e+000	5.000000e+000	-2.000165e-011
1.400000000000063e+000	1.400000e+000	0.000000e+000	5.000000e+000	-2.000176e-011
1.390000000000063e+000	1.390000e+000	0.000000e+000	5.000000e+000	-2.000165e-011
1.380000000000063e+000	1.380000e+000	0.000000e+000	5.000000e+000	-2.000187e-011
1.370000000000063e+000	1.370000e+000	0.000000e+000	5.000000e+000	-2.000198e-011
1.360000000000063e+000	1.360000e+000	0.000000e+000	5.000000e+000	-2.000198e-011
1.350000000000063e+000	1.350000e+000	0.000000e+000	5.000000e+000	-2.000176e-011
1.340000000000063e+000	1.340000e+000	0.000000e+000	5.000000e+000	-2.000176e-011
1.330000000000063e+000	1.330000e+000	0.000000e+000	5.000000e+000	-2.000187e-011
1.320000000000063e+000	1.320000e+000	0.000000e+000	5.000000e+000	-2.000198e-011
1.310000000000063e+000	1.310000e+000	0.000000e+000	5.000000e+000	-2.000154e-011
1.300000000000063e+000	1.300000e+000	0.000000e+000	5.000000e+000	-2.000198e-011
1.290000000000063e+000	1.290000e+000	0.000000e+000	5.000000e+000	-2.000154e-011
1.280000000000063e+000	1.280000e+000	0.000000e+000	5.000000e+000	-2.000154e-011
1.270000000000063e+000	1.270000e+000	0.000000e+000	5.000000e+000	-2.000176e-011
1.260000000000063e+000	1.260000e+000	0.000000e+000	5.000000e+000	-2.000187e-011
1.250000000000063e+000	1.250000e+000	0.000000e+000	5.000000e+000	-2.000165e-011
1.240000000000063e+000	1.240000e+000	0.000000e+000	5.000000e+000	-2.000187e-011
1.230000000000063e+000	1.230000e+000	0.000000e+000	5.000000e+000	-2.000198e-011
1.220000000000063e+000	1.220000e+000	0.000000e+000	5.000000e+000	-2.000198e-011
1.210000000000063e+000	1.210000e+000	0.000000e+000	5.000000e+000	-2.000176e-011
1.200000000000063e+000	1.200000e+000	0.000000e+000	5.000000e+000	-2.000154e-011
1.190000000000063e+000	1.190000e+000	0.000000e+000	5.000000e+000	-2.000176e-011
1.180000000000063e+000	1.180000e+000	0.000000e+000	5.000000e+000	-2.000220e-011
1.170000000000063e+000	1.170000e+000	0.000000e+000	5.000000e+000	-2.000187e-011
1.160000000000063e+000	1.160000e+000	0.000000e+000	5.000000e+000	-2.000187e-011
1.150000000000063e+000	1.150000e+000	0.000000e+000	5.000000e+000	-2.000154e-011
1.140000000000063e+000	1.140000e+000	0.000000e+000	5.000000e+000	-2.000198e-011
1.130000000000063e+000	1.130000e+000	0.000000e+000	5.000000e+000	-2.000142e-011
1.120000000000063e+000	1.120000e+000	0.000000e+000	5.000000e+000	-2.000176e-011
1.110000000000063e+000	1.110000e+000	0.000000e+000	5.000000e+000	-2.000165e-011
1.100000000000063e+000	1.100000e+000	0.000000e+000	5.000000e+000	-2.000154e-011
1.090000000000063e+000	1.090000e+000	0.000000e+000	5.000000e+000	-2.000176e-011
1.080000000000063e+000	1.080000e+000	0.000000e+000	5.000000e+000	-2.000198e-011
1.070000000000063e+000	1.070000e+000	0.000000e+000	5.000000e+000	-2.000187e-011
1.060000000000063e+000	1.060000e+000	0.000000e+000	5.000000e+000	-2.000198e-011
1.050000000000063e+000	1.050000e+000	0.000000e+000	5.000000e+000	-2.000187e-011
1.040000000000063e+000	1.040000e+000	0.000000e+000	5.000000e+000	-2.000154e-011
1.030000000000063e+000	1.030000e+000	0.000000e+000	5.000000e+000	-2.000154e-011
1.020000000000063e+000	1.020000e+000	0.000000e+000	5.000000e+000	-2.000198e-011
1.010000000000063e+000	1.010000e+000	0.000000e+000	5.000000e+000	-2.000198e-011
1.000000000000063e+000	1.000000e+000	0.000000e+000	5.000000e+000	-2.000176e-011
9.900000000000631e-001	9.900000e-001	0.000000e+000	5.000000e+000	-2.000187e-011
9.800000000000630e-001	9.800000e-001	0.000000e+000	5.000000e+000	-2.000198e-011
9.700000000000630e-001	9.700000e-001	0.000000e+000	5.000000e+000	-2.000154e-011
9.600000000000630e-001	9.600000e-001	0.000000e+000	5.000000e+000	-2.000154e-011
9.500000000000630e-001	9.500000e-001	0.000000e+000	5.000000e+000	-2.000176e-011
9.400000000000630e-001	9.400000e-001	0.000000e+000	5.000000e+000	-2.000209e-011
9.300000000000630e-001	9.300000e-001	0.000000e+000	5.000000e+000	-2.000176e-011
9.200000000000630e-001	9.200000e-001	0.000000e+000	5.000000e+000	-2.000187e-011
9.100000000000630e-001	9.100000e-001	0.000000e+000	5.000000e+000	-2.000198e-011
9.000000000000630e-001	9.000000e-001	0.000000e+000	5.000000e+000	-2.000176e-011
8.900000000000630e-001	8.900000e-001	0.000000e+000	5.000000e+000	-2.000165e-011
8.800000000000630e-001	8.800000e-001	0.000000e+000	5.000000e+000	-2.000198e-011
8.700000000000630e-001	8.700000e-001	0.000000e+000	5.000000e+000	-2.000198e-011
8.600000000000629e-001	8.600000e-001	0.000000e+000	5.000000e+000	-2.000198e-011
8.500000000000629e-001	8.500000e-001	0.000000e+000	5.000000e+000	-2.000176e-011
8.400000000000629e-001	8.400000e-001	0.000000e+000	5.000000e+000	-2.000198e-011
8.300000000000629e-001	8.300000e-001	0.000000e+000	5.000000e+000	-2.000154e-011
8.200000000000629e-001	8.200000e-001	0.000000e+000	5.000000e+000	-2.000187e-011
8.100000000000629e-001	8.100000e-001	0.000000e+000	5.000000e+000	-2.000187e-011
8.000000000000629e-001	8.000000e-001	0.000000e+000	5.000000e+000	-2.000176e-011
7.900000000000629e-001	7.900000e-001	0.000000e+000	5.000000e+000	-2.000165e-011
7.800000000000629e-001	7.800000e-001	0.000000e+000	5.000000e+000	-2.000176e-011
7.700000000000629e-001	7.700000e-001	0.000000e+000	5.000000e+000	-2.000154e-011
7.600000000000629e-001	7.600000e-001	0.000000e+000	5.000000e+000	-2.000220e-011
7.500000000000628e-001	7.500000e-001	0.000000e+000	5.000000e+000	-2.000165e-011
7.400000000000628e-001	7.400000e-001	0.000000e+000	5.000000e+000	-2.000176e-011
7.300000000000628e-001	7.300000e-001	0.000000e+000	5.000000e+000	-2.000198e-011
7.200000000000628e-001	7.200000e-001	0.000000e+000	5.000000e+000	-2.000154e-011
7.100000000000628e-001	7.100000e-001	0.000000e+000	5.000000e+000	-2.000198e-011
7.000000000000628e-001	7.000000e-001	0.000000e+000	5.000000e+000	-2.000154e-011
6.900000000000628e-001	6.900000e-001	0.000000e+000	5.000000e+000	-2.000198e-011
6.800000000000628e-001	6.800000e-001	0.000000e+000	5.000000e+000	-2.000165e-011
6.700000000000628e-001	6.700000e-001	0.000000e+000	5.000000e+000	-2.000209e-011
6.600000000000628e-001	6.600000e-001	0.000000e+000	5.000000e+000	-2.000154e-011
6.500000000000628e-001	6.500000e-001	0.000000e+000	5.000000e+000	-2.000176e-011
6.400000000000627e-001	6.400000e-001	0.000000e+000	5.000000e+000	-2.000176e-011
6.300000000000627e-001	6.300000e-001	0.000000e+000	5.000000e+000	-2.000187e-011
6.200000000000627e-001	6.200000e-001	0.000000e+000	5.000000e+000	-2.000187e-011
6.100000000000627e-001	6.100000e-001	0.000000e+000	5.000000e+000	-2.000231e-011
6.000000000000627e-001	6.000000e-001	0.000000e+000	5.000000e+000	-2.000198e-011
5.900000000000627e-001	5.900000e-001	0.000000e+000	5.000000e+000	-2.000187e-011
5.800000000000627e-001	5.800000e-001	0.000000e+000	5.000000e+000	-2.000154e-011
5.700000000000627e-001	5.700000e-001	0.000000e+000	5.000000e+000	-2.000176e-011
5.600000000000627e-001	5.600000e-001	0.000000e+000	5.000000e+000	-2.000187e-011
5.500000000000627e-001	5.500000e-001	0.000000e+000	5.000000e+000	-2.000176e-011
5.400000000000627e-001	5.400000e-001	0.000000e+000	5.000000e+000	-2.000209e-011
5.300000000000626e-001	5.300000e-001	0.000000e+000	5.000000e+000	-2.000154e-011
5.200000000000626e-001	5.200000e-001	0.000000e+000	5.000000e+000	-2.000220e-011
5.100000000000626e-001	5.100000e-001	0.000000e+000	5.000000e+000	-2.000154e-011
5.000000000000626e-001	5.000000e-001	0.000000e+000	5.000000e+000	-2.000209e-011
4.900000000000626e-001	4.900000e-001	0.000000e+000	5.000000e+000	-2.000176e-011
4.800000000000626e-001	4.800000e-001	0.000000e+000	5.000000e+000	-2.000176e-011
4.700000000000626e-001	4.700000e-001	0.000000e+000	5.000000e+000	-2.000154e-011
4.600000000000626e-001	4.600000e-001	0.000000e+000	5.000000e+000	-2.000176e-011
4.500000000000626e-001	4.500000e-001	0.000000e+000	5.000000e+000	-2.000131e-011
4.400000000000626e-001	4.400000e-001	0.000000e+000	5.000000e+000	-2.000176e-011
4.300000000000626e-001	4.300000e-001	0.000000e+000	5.000000e+000	-2.000176e-011
4.200000000000626e-001	4.200000e-001	0.000000e+000	5.000000e+000	-2.000176e-011
4.100000000000625e-001	4.100000e-001	0.000000e+000	5.000000e+000	-2.000165e-011
4.000000000000625e-001	4.000000e-001	0.000000e+000	5.000000e+000	-2.000198e-011
3.900000000000625e-001	3.900000e-001	0.000000e+000	5.000000e+000	-2.000176e-011
3.800000000000625e-001	3.800000e-001	0.000000e+000	5.000000e+000	-2.000154e-011
3.700000000000625e-001	3.700000e-001	0.000000e+000	5.000000e+000	-2.000187e-011
3.600000000000625e-001	3.600000e-001	0.000000e+000	5.000000e+000	-2.000154e-011
3.500000000000625e-001	3.500000e-001	0.000000e+000	5.000000e+000	-2.000220e-011
3.400000000000625e-001	3.400000e-001	0.000000e+000	5.000000e+000	-2.000176e-011
3.300000000000625e-001	3.300000e-001	0.000000e+000	5.000000e+000	-2.000187e-011
3.200000000000625e-001	3.200000e-001	0.000000e+000	5.000000e+000	-2.000220e-011
3.100000000000625e-001	3.100000e-001	0.000000e+000	5.000000e+000	-2.000176e-011
3.000000000000624e-001	3.000000e-001	0.000000e+000	5.000000e+000	-2.000198e-011
2.900000000000624e-001	2.900000e-001	0.000000e+000	5.000000e+000	-2.000165e-011
2.800000000000624e-001	2.800000e-001	0.000000e+000	5.000000e+000	-2.000176e-011
2.700000000000624e-001	2.700000e-001	0.000000e+000	5.000000e+000	-2.000154e-011
2.600000000000624e-001	2.600000e-001	0.000000e+000	5.000000e+000	-2.000198e-011
2.500000000000624e-001	2.500000e-001	0.000000e+000	5.000000e+000	-2.000198e-011
2.400000000000624e-001	2.400000e-001	0.000000e+000	5.000000e+000	-2.000198e-011
2.300000000000624e-001	2.300000e-001	0.000000e+000	5.000000e+000	-2.000209e-011
2.200000000000624e-001	2.200000e-001	0.000000e+000	5.000000e+000	-2.000176e-011
2.100000000000624e-001	2.100000e-001	0.000000e+000	5.000000e+000	-2.000176e-011
2.000000000000624e-001	2.000000e-001	0.000000e+000	5.000000e+000	-2.000176e-011
1.900000000000623e-001	1.900000e-001	0.000000e+000	5.000000e+000	-2.000176e-011
1.800000000000623e-001	1.800000e-001	0.000000e+000	5.000000e+000	-2.000187e-011
1.700000000000623e-001	1.700000e-001	0.000000e+000	5.000000e+000	-2.000176e-011
1.600000000000623e-001	1.600000e-001	0.000000e+000	5.000000e+000	-2.000198e-011
1.500000000000623e-001	1.500000e-001	0.000000e+000	5.000000e+000	-2.000176e-011
1.400000000000623e-001	1.400000e-001	0.000000e+000	5.000000e+000	-2.000187e-011
1.300000000000623e-001	1.300000e-001	0.000000e+000	5.000000e+000	-2.000198e-011
1.200000000000623e-001	1.200000e-001	0.000000e+000	5.000000e+000	-2.000198e-011
1.100000000000623e-001	1.100000e-001	0.000000e+000	5.000000e+000	-2.000176e-011
1.000000000000623e-001	1.000000e-001	0.000000e+000	5.000000e+000	-2.000154e-011
9.000000000006231e-002	9.000000e-002	0.000000e+000	5.000000e+000	-2.000209e-011
8.000000000006231e-002	8.000000e-002	0.000000e+000	5.000000e+000	-2.000176e-011
7.000000000006232e-002	7.000000e-002	0.000000e+000	5.000000e+000	-2.000176e-011
6.000000000006232e-002	6.000000e-002	0.000000e+000	5.000000e+000	-2.000176e-011
5.000000000006231e-002	5.000000e-002	0.000000e+000	5.000000e+000	-2.000176e-011
4.000000000006231e-002	4.000000e-002	0.000000e+000	5.000000e+000	-2.000187e-011
3.000000000006231e-002	3.000000e-002	0.000000e+000	5.000000e+000	-2.000154e-011
2.000000000006231e-002	2.000000e-002	0.000000e+000	5.000000e+000	-2.000220e-011
1.000000000006231e-002	1.000000e-002	0.000000e+000	5.000000e+000	-2.000131e-011
0.000000000000000e+000	0.000000e+000	0.000000e+000	5.000000e+000	-2.000131e-011
