time	V(n006)	V(n010)
0.000000000000000e+000	0.000000e+000	5.000000e+000
2.310719994762621e-006	1.155360e+000	5.000000e+000
3.310719994762621e-006	1.655360e+000	4.999992e+000
3.690194770624445e-006	1.845097e+000	4.999906e+000
3.848814692627910e-006	1.924407e+000	4.999674e+000
3.950876922852521e-006	1.975438e+000	4.999318e+000
3.968439299289979e-006	1.984220e+000	4.999221e+000
3.985303319504764e-006	1.992652e+000	4.999107e+000
3.991008324481914e-006	1.995504e+000	4.999066e+000
3.995393502383209e-006	1.997697e+000	4.999033e+000
3.999147304330864e-006	1.999574e+000	4.999004e+000
4.003153908219870e-006	2.001577e+000	4.998972e+000
4.009564585206441e-006	2.004782e+000	4.998920e+000
4.020345921963413e-006	2.010173e+000	4.998827e+000
4.038930948729383e-006	2.019465e+000	4.998650e+000
4.071361387419571e-006	2.035681e+000	4.998293e+000
4.128906303859783e-006	2.064453e+000	4.997479e+000
4.237754497009320e-006	2.118877e+000	4.995493e+000
4.301583891736935e-006	2.150792e+000	4.993990e+000
4.374988239687621e-006	2.187494e+000	4.991727e+000
4.496552857815717e-006	2.248276e+000	4.986915e+000
4.623491114404366e-006	2.311746e+000	4.979946e+000
4.877367627581662e-006	2.438684e+000	4.957588e+000
5.385120653936256e-006	2.692560e+000	4.871020e+000
6.385120653936256e-006	3.192560e+000	4.550828e+000
7.385120653936255e-006	3.692560e+000	3.996172e+000
8.385120653936256e-006	4.192560e+000	3.165976e+000
8.999999999999999e-006	4.500000e+000	2.516006e+000
9.406633757607497e-006	4.703317e+000	2.054961e+000
9.999999999999999e-006	5.000000e+000	1.409659e+000
1.005933662423925e-005	5.000000e+000	1.355734e+000
1.017800987271775e-005	5.000000e+000	1.253247e+000
1.041535636967475e-005	5.000000e+000	1.072484e+000
1.089004936358875e-005	5.000000e+000	7.791818e-001
1.144915727640290e-005	5.000000e+000	5.202767e-001
1.197631810675685e-005	5.000000e+000	3.498562e-001
1.248494838279778e-005	5.000000e+000	2.386405e-001
1.304804886706075e-005	5.000000e+000	1.554770e-001
1.356081465839066e-005	5.000000e+000	1.045326e-001
1.408788392274932e-005	5.000000e+000	6.960127e-002
1.458246655343902e-005	5.000000e+000	4.745837e-002
1.509652977877512e-005	5.000000e+000	3.192225e-002
1.559258234517077e-005	5.000000e+000	2.174065e-002
1.610238550259983e-005	5.000000e+000	1.465959e-002
1.659878703043722e-005	5.000000e+000	9.978379e-003
1.710495173471745e-005	5.000000e+000	6.745063e-003
1.760199330740846e-005	5.000000e+000	4.588953e-003
1.810622253336001e-005	5.000000e+000	3.106113e-003
1.860405990856747e-005	5.000000e+000	2.111877e-003
1.910653193375397e-005	5.000000e+000	1.431265e-003
1.960524822963212e-005	5.000000e+000	9.725611e-004
2.010724875413782e-005	5.000000e+000	6.593092e-004
2.060640189957253e-005	5.000000e+000	4.478534e-004
2.110784955887529e-005	5.000000e+000	3.037224e-004
2.160730597317147e-005	5.000000e+000	2.062680e-004
2.210842529976132e-005	5.000000e+000	1.399180e-004
2.260813053287496e-005	5.000000e+000	9.500599e-005
2.310902022055810e-005	5.000000e+000	6.445593e-005
2.360889863944141e-005	5.000000e+000	4.376093e-005
2.410962879880312e-005	5.000000e+000	2.969254e-005
2.460963051654619e-005	5.000000e+000	2.015734e-005
2.511025422703493e-005	5.000000e+000	1.367813e-005
2.561033762676991e-005	5.000000e+000	9.285130e-006
2.611089668173458e-005	5.000000e+000	6.300877e-006
2.661102336598020e-005	5.000000e+000	4.277108e-006
2.711155979774949e-005	5.000000e+000	2.902483e-006
2.761168444892519e-005	5.000000e+000	1.970255e-006
2.811225496650717e-005	5.000000e+000	1.336996e-006
2.861230653427890e-005	5.000000e+000	9.076354e-007
2.911301000516447e-005	5.000000e+000	6.158509e-007
2.961285410861630e-005	5.000000e+000	4.181520e-007
3.011388820825724e-005	5.000000e+000	2.836553e-007
3.061324795007861e-005	5.000000e+000	1.926760e-007
3.111503076139635e-005	5.000000e+000	1.306295e-007
3.161331826215097e-005	5.000000e+000	8.895355e-008
3.214312583384709e-005	5.000000e+000	5.955377e-008
3.277944716034616e-005	5.000000e+000	3.696931e-008
3.351543743076182e-005	5.000000e+000	2.135278e-008
3.444127847701968e-005	5.000000e+000	1.065181e-008
3.544127847701968e-005	5.000000e+000	4.852946e-009
3.644127847701968e-005	5.000000e+000	2.181881e-009
3.744127847701967e-005	5.000000e+000	9.888635e-010
3.844127847701967e-005	5.000000e+000	4.559766e-010
3.944127847701967e-005	5.000000e+000	2.179198e-010
4.044127847701966e-005	5.000000e+000	1.115417e-010
4.144127847701966e-005	5.000000e+000	6.397491e-011
4.244127847701966e-005	5.000000e+000	4.267504e-011
4.344127847701966e-005	5.000000e+000	3.310710e-011
4.444127847701965e-005	5.000000e+000	2.877938e-011
4.544127847701965e-005	5.000000e+000	2.679254e-011
4.644127847701965e-005	5.000000e+000	2.585164e-011
4.744127847701964e-005	5.000000e+000	2.537835e-011
4.844127847701964e-005	5.000000e+000	2.511436e-011
4.944127847701964e-005	5.000000e+000	2.494429e-011
5.044127847701964e-005	5.000000e+000	2.481663e-011
5.144127847701963e-005	5.000000e+000	2.470834e-011
5.244127847701963e-005	5.000000e+000	2.460915e-011
5.344127847701963e-005	5.000000e+000	2.451445e-011
5.444127847701963e-005	5.000000e+000	2.442219e-011
5.544127847701962e-005	5.000000e+000	2.433145e-011
5.644127847701962e-005	5.000000e+000	2.424182e-011
5.744127847701962e-005	5.000000e+000	2.415309e-011
5.844127847701961e-005	5.000000e+000	2.406519e-011
5.944127847701961e-005	5.000000e+000	2.397808e-011
6.044127847701961e-005	5.000000e+000	2.389172e-011
6.144127847701961e-005	5.000000e+000	2.380611e-011
6.244127847701961e-005	5.000000e+000	2.372123e-011
6.344127847701961e-005	5.000000e+000	2.363708e-011
6.444127847701960e-005	5.000000e+000	2.355365e-011
6.544127847701960e-005	5.000000e+000	2.347094e-011
6.644127847701960e-005	5.000000e+000	2.338894e-011
6.744127847701960e-005	5.000000e+000	2.330763e-011
6.844127847701959e-005	5.000000e+000	2.322703e-011
6.944127847701959e-005	5.000000e+000	2.314711e-011
7.044127847701959e-005	5.000000e+000	2.306788e-011
7.144127847701958e-005	5.000000e+000	2.298933e-011
7.244127847701958e-005	5.000000e+000	2.291145e-011
7.344127847701958e-005	5.000000e+000	2.283424e-011
7.444127847701958e-005	5.000000e+000	2.275769e-011
7.544127847701957e-005	5.000000e+000	2.268180e-011
7.644127847701957e-005	5.000000e+000	2.260655e-011
7.744127847701957e-005	5.000000e+000	2.253195e-011
7.844127847701956e-005	5.000000e+000	2.245799e-011
7.944127847701956e-005	5.000000e+000	2.238466e-011
8.044127847701956e-005	5.000000e+000	2.231196e-011
8.144127847701956e-005	5.000000e+000	2.223989e-011
8.244127847701955e-005	5.000000e+000	2.216843e-011
8.344127847701955e-005	5.000000e+000	2.209758e-011
8.444127847701955e-005	5.000000e+000	2.202734e-011
8.544127847701955e-005	5.000000e+000	2.195770e-011
8.644127847701954e-005	5.000000e+000	2.188866e-011
8.744127847701954e-005	5.000000e+000	2.182021e-011
8.844127847701954e-005	5.000000e+000	2.175235e-011
8.944127847701953e-005	5.000000e+000	2.168507e-011
9.044127847701953e-005	5.000000e+000	2.161836e-011
9.144127847701953e-005	5.000000e+000	2.155222e-011
9.244127847701953e-005	5.000000e+000	2.148665e-011
9.344127847701952e-005	5.000000e+000	2.142165e-011
9.544127847701952e-005	5.000000e+000	2.129330e-011
9.744127847701951e-005	5.000000e+000	2.116714e-011
1.004412784770195e-004	5.000000e+000	2.098192e-011
1.024412784770195e-004	5.000000e+000	2.086116e-011
1.044412784770195e-004	5.000000e+000	2.074237e-011
1.064412784770195e-004	5.000000e+000	2.062556e-011
1.084412784770195e-004	5.000000e+000	2.051073e-011
1.104412784770195e-004	5.000000e+000	2.039787e-011
1.124412784770195e-004	5.000000e+000	2.028698e-011
1.144412784770195e-004	5.000000e+000	2.017807e-011
1.334412784770194e-004	5.000000e+000	1.927357e-011
1.524412784770194e-004	5.000000e+000	1.846674e-011
1.714412784770194e-004	5.000000e+000	1.775760e-011
1.904412784770194e-004	5.000000e+000	1.714614e-011
2.094412784770193e-004	5.000000e+000	1.663236e-011
2.284412784770193e-004	5.000000e+000	1.621626e-011
2.474412784770192e-004	5.000000e+000	1.589785e-011
2.758698499055914e-004	5.000000e+000	1.550029e-011
3.042984213341635e-004	5.000000e+000	1.515720e-011
3.327269927627356e-004	5.000000e+000	1.486859e-011
3.611555641913078e-004	5.000000e+000	1.463446e-011
3.895841356198799e-004	5.000000e+000	1.445481e-011
4.180127070484520e-004	5.000000e+000	1.432963e-011
4.464412784770241e-004	5.000000e+000	1.425892e-011
5.090000000000000e-004	5.000000e+000	1.410933e-011
5.100000000000000e-004	5.000000e+000	2.146457e-011
5.101000000000000e-004	4.950000e+000	-2.049868e-011
5.103000000000000e-004	4.850000e+000	-6.804520e-011
5.125000000000000e-004	3.750000e+000	-1.684322e-010
5.145000000000001e-004	2.750000e+000	-1.793865e-010
5.155474341707721e-004	2.226283e+000	-1.744427e-010
5.157490293965530e-004	2.125485e+000	-1.727097e-010
5.157496092592966e-004	2.125195e+000	-1.727043e-010
5.157507689847837e-004	2.124615e+000	-1.726933e-010
5.157530884357578e-004	2.123456e+000	-1.726689e-010
5.157563156560790e-004	2.121842e+000	-1.726214e-010
5.157598890631363e-004	2.120055e+000	-1.725468e-010
5.157602945792169e-004	2.119853e+000	-1.725358e-010
5.157611056113780e-004	2.119447e+000	-1.725109e-010
5.157627276757002e-004	2.118636e+000	-1.724612e-010
5.157644562064572e-004	2.117772e+000	-1.724082e-010
5.157667976009913e-004	2.116601e+000	-1.723365e-010
5.157714775252174e-004	2.114261e+000	-1.721931e-010
5.157762424945455e-004	2.111879e+000	-1.720471e-010
5.157833297331805e-004	2.108335e+000	-1.718299e-010
5.157910330460313e-004	2.104483e+000	-1.715939e-010
5.158017320295171e-004	2.099134e+000	-1.712662e-010
5.158140546563987e-004	2.092973e+000	-1.708887e-010
5.158304657354920e-004	2.084767e+000	-1.703859e-010
5.158500195472825e-004	2.074990e+000	-1.697867e-010
5.158754386865451e-004	2.062281e+000	-1.690075e-010
5.159063830217680e-004	2.046808e+000	-1.680580e-010
5.159460902543259e-004	2.026955e+000	-1.668379e-010
5.159951308237407e-004	2.002434e+000	-1.653272e-010
5.160576887170827e-004	1.971156e+000	-1.633915e-010
5.161357748347119e-004	1.932113e+000	-1.609580e-010
5.162283406220386e-004	1.885830e+000	-1.580416e-010
5.163340577295973e-004	1.832971e+000	-1.546800e-010
5.164315263593277e-004	1.784237e+000	-1.516024e-010
5.165378547034769e-004	1.731073e+000	-1.483585e-010
5.167160500326018e-004	1.641975e+000	-1.432004e-010
5.169021705277538e-004	1.548915e+000	-1.382197e-010
5.172744115180577e-004	1.362794e+000	-1.292558e-010
5.176622358914325e-004	1.168882e+000	-1.211663e-010
5.182776716551421e-004	8.611642e-001	-1.105920e-010
5.189888347505513e-004	5.055826e-001	-1.002747e-010
5.190223304988975e-004	4.888347e-001	-9.987403e-011
5.191559796301641e-004	4.220102e-001	-9.837626e-011
5.193339558971072e-004	3.330221e-001	-9.651388e-011
5.196440474661137e-004	1.779763e-001	-9.353961e-011
5.200000000000001e-004	0.000000e+000	-9.039304e-011
5.200355952533888e-004	0.000000e+000	-8.844199e-011
5.201067857601660e-004	0.000000e+000	-8.461514e-011
5.202491667737206e-004	0.000000e+000	-7.732324e-011
5.211034528550478e-004	0.000000e+000	-4.190941e-011
5.221034528550478e-004	0.000000e+000	-1.178299e-011
5.231034528550479e-004	0.000000e+000	9.860893e-012
5.251034528550479e-004	0.000000e+000	3.453055e-011
5.271034528550480e-004	0.000000e+000	4.590081e-011
5.301034528550480e-004	0.000000e+000	5.258004e-011
5.331034528550481e-004	0.000000e+000	5.467000e-011
5.341034528550481e-004	0.000000e+000	5.497562e-011
5.351034528550482e-004	0.000000e+000	5.518310e-011
5.361034528550482e-004	0.000000e+000	5.532396e-011
5.371034528550482e-004	0.000000e+000	5.541959e-011
5.381034528550482e-004	0.000000e+000	5.548679e-011
5.386051369485979e-004	0.000000e+000	5.551203e-011
5.389180456430843e-004	0.000000e+000	5.552478e-011
5.391212497478446e-004	0.000000e+000	5.553214e-011
5.392780525006574e-004	0.000000e+000	5.553740e-011
5.393934600554770e-004	0.000000e+000	5.554106e-011
5.394960872302050e-004	0.000000e+000	5.554418e-011
5.395697488745012e-004	0.000000e+000	5.554635e-011
5.396300622000033e-004	0.000000e+000	5.554807e-011
5.396767025996993e-004	0.000000e+000	5.554938e-011
5.397149476370008e-004	0.000000e+000	5.555043e-011
5.397471794525965e-004	0.000000e+000	5.555131e-011
5.397837054800870e-004	0.000000e+000	5.555228e-011
5.398196310197067e-004	0.000000e+000	5.555323e-011
5.398600955166374e-004	0.000000e+000	5.555428e-011
5.406178667930992e-004	0.000000e+000	5.556921e-011
5.413756380695609e-004	0.000000e+000	5.558194e-011
5.421334093460227e-004	0.000000e+000	5.559248e-011
5.428911806224844e-004	0.000000e+000	5.560083e-011
5.436489518989462e-004	0.000000e+000	5.560699e-011
5.444067231754079e-004	0.000000e+000	5.561097e-011
5.451644944518696e-004	0.000000e+000	5.561275e-011
5.461644944518697e-004	0.000000e+000	5.561565e-011
5.471644944518697e-004	0.000000e+000	5.561761e-011
5.491644944518697e-004	0.000000e+000	5.561986e-011
5.511644944518698e-004	0.000000e+000	5.562089e-011
5.521644944518698e-004	0.000000e+000	5.562117e-011
5.531644944518698e-004	0.000000e+000	5.562137e-011
5.541644944518699e-004	0.000000e+000	5.562149e-011
5.551644944518699e-004	0.000000e+000	5.562158e-011
5.561644944518699e-004	0.000000e+000	5.562165e-011
5.571644944518699e-004	0.000000e+000	5.562168e-011
5.581644944518700e-004	0.000000e+000	5.562171e-011
5.591644944518700e-004	0.000000e+000	5.562173e-011
5.601644944518700e-004	0.000000e+000	5.562174e-011
5.611644944518700e-004	0.000000e+000	5.562175e-011
5.621644944518701e-004	0.000000e+000	5.562176e-011
5.631644944518701e-004	0.000000e+000	5.562176e-011
5.641644944518701e-004	0.000000e+000	5.562176e-011
5.651644944518701e-004	0.000000e+000	5.562177e-011
5.661644944518702e-004	0.000000e+000	5.562177e-011
5.671644944518702e-004	0.000000e+000	5.562177e-011
5.681644944518702e-004	0.000000e+000	5.562177e-011
5.691644944518702e-004	0.000000e+000	5.562177e-011
5.701644944518703e-004	0.000000e+000	5.562177e-011
5.711644944518703e-004	0.000000e+000	5.562177e-011
5.721644944518703e-004	0.000000e+000	5.562177e-011
5.731644944518703e-004	0.000000e+000	5.562177e-011
5.741644944518703e-004	0.000000e+000	5.562177e-011
5.751644944518704e-004	0.000000e+000	5.562177e-011
5.761644944518704e-004	0.000000e+000	5.562177e-011
5.771644944518704e-004	0.000000e+000	5.562177e-011
5.781644944518704e-004	0.000000e+000	5.562177e-011
5.791644944518705e-004	0.000000e+000	5.562177e-011
5.801644944518705e-004	0.000000e+000	5.562177e-011
5.811644944518705e-004	0.000000e+000	5.562177e-011
5.821644944518705e-004	0.000000e+000	5.562177e-011
5.831644944518706e-004	0.000000e+000	5.562177e-011
5.841644944518706e-004	0.000000e+000	5.562177e-011
5.851644944518706e-004	0.000000e+000	5.562177e-011
5.861644944518706e-004	0.000000e+000	5.562177e-011
5.871644944518707e-004	0.000000e+000	5.562177e-011
5.881644944518707e-004	0.000000e+000	5.562177e-011
5.891644944518707e-004	0.000000e+000	5.562177e-011
5.901644944518707e-004	0.000000e+000	5.562177e-011
5.911644944518708e-004	0.000000e+000	5.562177e-011
5.921644944518708e-004	0.000000e+000	5.562177e-011
5.931644944518708e-004	0.000000e+000	5.562177e-011
5.941644944518708e-004	0.000000e+000	5.562177e-011
5.951644944518709e-004	0.000000e+000	5.562177e-011
5.961644944518709e-004	0.000000e+000	5.562177e-011
5.971644944518709e-004	0.000000e+000	5.562177e-011
5.981644944518709e-004	0.000000e+000	5.562177e-011
5.991644944518710e-004	0.000000e+000	5.562177e-011
6.001644944518710e-004	0.000000e+000	5.562177e-011
6.011644944518710e-004	0.000000e+000	5.562177e-011
6.021644944518710e-004	0.000000e+000	5.562177e-011
6.031644944518711e-004	0.000000e+000	5.562177e-011
6.041644944518711e-004	0.000000e+000	5.562177e-011
6.051644944518711e-004	0.000000e+000	5.562177e-011
6.061644944518711e-004	0.000000e+000	5.562177e-011
6.071644944518712e-004	0.000000e+000	5.562177e-011
6.081644944518712e-004	0.000000e+000	5.562177e-011
6.091644944518712e-004	0.000000e+000	5.562177e-011
6.101644944518712e-004	0.000000e+000	5.562177e-011
6.111644944518712e-004	0.000000e+000	5.562177e-011
6.121644944518713e-004	0.000000e+000	5.562177e-011
6.131644944518713e-004	0.000000e+000	5.562177e-011
6.141644944518713e-004	0.000000e+000	5.562177e-011
6.151644944518713e-004	0.000000e+000	5.562177e-011
6.161644944518714e-004	0.000000e+000	5.562177e-011
6.171644944518714e-004	0.000000e+000	5.562177e-011
6.181644944518714e-004	0.000000e+000	5.562177e-011
6.191644944518714e-004	0.000000e+000	5.562177e-011
6.201644944518715e-004	0.000000e+000	5.562177e-011
6.211644944518715e-004	0.000000e+000	5.562177e-011
6.221644944518715e-004	0.000000e+000	5.562177e-011
6.231644944518715e-004	0.000000e+000	5.562177e-011
6.241644944518716e-004	0.000000e+000	5.562177e-011
6.251644944518716e-004	0.000000e+000	5.562177e-011
6.261644944518716e-004	0.000000e+000	5.562177e-011
6.271644944518716e-004	0.000000e+000	5.562177e-011
6.281644944518717e-004	0.000000e+000	5.562177e-011
6.291644944518717e-004	0.000000e+000	5.562177e-011
6.301644944518717e-004	0.000000e+000	5.562177e-011
6.311644944518717e-004	0.000000e+000	5.562177e-011
6.321644944518718e-004	0.000000e+000	5.562177e-011
6.331644944518718e-004	0.000000e+000	5.562177e-011
6.341644944518718e-004	0.000000e+000	5.562177e-011
6.351644944518718e-004	0.000000e+000	5.562177e-011
6.361644944518719e-004	0.000000e+000	5.562177e-011
6.371644944518719e-004	0.000000e+000	5.562177e-011
6.381644944518719e-004	0.000000e+000	5.562177e-011
6.391644944518719e-004	0.000000e+000	5.562177e-011
6.401644944518720e-004	0.000000e+000	5.562177e-011
6.411644944518720e-004	0.000000e+000	5.562177e-011
6.421644944518720e-004	0.000000e+000	5.562177e-011
6.431644944518720e-004	0.000000e+000	5.562177e-011
6.441644944518721e-004	0.000000e+000	5.562177e-011
6.451644944518721e-004	0.000000e+000	5.562177e-011
6.461644944518721e-004	0.000000e+000	5.562177e-011
6.471644944518721e-004	0.000000e+000	5.562177e-011
6.481644944518721e-004	0.000000e+000	5.562177e-011
6.491644944518722e-004	0.000000e+000	5.562177e-011
6.501644944518722e-004	0.000000e+000	5.562177e-011
6.511644944518722e-004	0.000000e+000	5.562177e-011
6.521644944518722e-004	0.000000e+000	5.562177e-011
6.531644944518723e-004	0.000000e+000	5.562177e-011
6.541644944518723e-004	0.000000e+000	5.562177e-011
6.551644944518723e-004	0.000000e+000	5.562177e-011
6.561644944518723e-004	0.000000e+000	5.562177e-011
6.571644944518724e-004	0.000000e+000	5.562177e-011
6.581644944518724e-004	0.000000e+000	5.562177e-011
6.591644944518724e-004	0.000000e+000	5.562177e-011
6.601644944518724e-004	0.000000e+000	5.562177e-011
6.611644944518725e-004	0.000000e+000	5.562177e-011
6.621644944518725e-004	0.000000e+000	5.562177e-011
6.631644944518725e-004	0.000000e+000	5.562177e-011
6.641644944518725e-004	0.000000e+000	5.562177e-011
6.651644944518726e-004	0.000000e+000	5.562177e-011
6.671644944518726e-004	0.000000e+000	5.562177e-011
6.691644944518727e-004	0.000000e+000	5.562177e-011
6.711644944518727e-004	0.000000e+000	5.562177e-011
6.731644944518728e-004	0.000000e+000	5.562177e-011
6.751644944518728e-004	0.000000e+000	5.562177e-011
6.781644944518729e-004	0.000000e+000	5.562177e-011
6.811644944518730e-004	0.000000e+000	5.562177e-011
6.841644944518730e-004	0.000000e+000	5.562177e-011
6.864502087375873e-004	0.000000e+000	5.562177e-011
6.887359230233017e-004	0.000000e+000	5.562177e-011
6.910216373090160e-004	0.000000e+000	5.562177e-011
6.933073515947304e-004	0.000000e+000	5.562177e-011
6.955930658804448e-004	0.000000e+000	5.562177e-011
6.978787801661591e-004	0.000000e+000	5.562177e-011
7.001644944518734e-004	0.000000e+000	5.562177e-011
7.048787801661593e-004	0.000000e+000	5.562177e-011
7.095930658804451e-004	0.000000e+000	5.562177e-011
7.143073515947309e-004	0.000000e+000	5.562177e-011
7.190216373090168e-004	0.000000e+000	5.562177e-011
7.237359230233025e-004	0.000000e+000	5.562177e-011
7.284502087375884e-004	0.000000e+000	5.562177e-011
7.331644944518742e-004	0.000000e+000	5.562177e-011
8.961644944518782e-004	0.000000e+000	5.562177e-011
9.990000000000001e-004	0.000000e+000	5.562177e-011
1.000000000000000e-003	0.000000e+000	5.562177e-011
1.000100000000000e-003	5.000000e-002	6.017396e-011
1.000700000000000e-003	3.500000e-001	8.392677e-011
1.002500000000000e-003	1.250000e+000	1.311785e-010
1.003500000000000e-003	1.750000e+000	1.480680e-010
1.003780675615725e-003	1.890338e+000	1.520380e-010
1.003938603514764e-003	1.969302e+000	1.543134e-010
1.004116280593902e-003	2.058140e+000	1.571571e-010
1.004233721872613e-003	2.116861e+000	1.591784e-010
1.004321621006079e-003	2.160810e+000	1.607730e-010
1.004420803860539e-003	2.210402e+000	1.626459e-010
1.004549382782315e-003	2.274691e+000	1.651620e-010
1.004693241517586e-003	2.346621e+000	1.680765e-010
1.004980958988127e-003	2.490479e+000	1.740201e-010
1.005546085002855e-003	2.773042e+000	1.852581e-010
1.006477323450311e-003	3.238662e+000	2.017675e-010
1.007270251425695e-003	3.635126e+000	2.132657e-010
1.008056420280986e-003	4.028210e+000	2.219515e-010
1.008857742368671e-003	4.428871e+000	2.287503e-010
1.009255054710954e-003	4.627527e+000	2.313390e-010
1.010000000000000e-003	5.000000e+000	2.353059e-010
1.010074494528905e-003	5.000000e+000	2.244092e-010
1.010223483586714e-003	5.000000e+000	2.042745e-010
1.010521461702332e-003	5.000000e+000	1.709033e-010
1.011117417933568e-003	5.000000e+000	1.232854e-010
1.012117417933568e-003	5.000000e+000	7.457700e-011
1.013117417933568e-003	5.000000e+000	4.925399e-011
1.014117417933568e-003	5.000000e+000	3.786714e-011
1.015117417933568e-003	5.000000e+000	3.270899e-011
1.016117417933568e-003	5.000000e+000	3.033482e-011
1.017117417933568e-003	5.000000e+000	2.920526e-011
1.018117417933568e-003	5.000000e+000	2.863241e-011
1.019117417933568e-003	5.000000e+000	2.830888e-011
1.020117417933568e-003	5.000000e+000	2.809733e-011
1.021117417933568e-003	5.000000e+000	2.793638e-011
1.022117417933567e-003	5.000000e+000	2.779861e-011
1.023117417933567e-003	5.000000e+000	2.767176e-011
1.024117417933567e-003	5.000000e+000	2.755034e-011
1.025117417933567e-003	5.000000e+000	2.743191e-011
1.026117417933567e-003	5.000000e+000	2.731536e-011
1.027117417933567e-003	5.000000e+000	2.720020e-011
1.028117417933567e-003	5.000000e+000	2.708620e-011
1.029117417933567e-003	5.000000e+000	2.697325e-011
1.030117417933567e-003	5.000000e+000	2.686130e-011
1.031117417933567e-003	5.000000e+000	2.675033e-011
1.032117417933567e-003	5.000000e+000	2.664032e-011
1.033117417933567e-003	5.000000e+000	2.653125e-011
1.034117417933566e-003	5.000000e+000	2.642312e-011
1.035117417933566e-003	5.000000e+000	2.631591e-011
1.036117417933566e-003	5.000000e+000	2.620962e-011
1.037117417933566e-003	5.000000e+000	2.610425e-011
1.038117417933566e-003	5.000000e+000	2.599977e-011
1.039117417933566e-003	5.000000e+000	2.589619e-011
1.040117417933566e-003	5.000000e+000	2.579350e-011
1.041117417933566e-003	5.000000e+000	2.569169e-011
1.042117417933566e-003	5.000000e+000	2.559075e-011
1.043117417933566e-003	5.000000e+000	2.549068e-011
1.044117417933566e-003	5.000000e+000	2.539146e-011
1.045117417933566e-003	5.000000e+000	2.529309e-011
1.046117417933565e-003	5.000000e+000	2.519556e-011
1.047117417933565e-003	5.000000e+000	2.509887e-011
1.048117417933565e-003	5.000000e+000	2.500301e-011
1.049117417933565e-003	5.000000e+000	2.490797e-011
1.050117417933565e-003	5.000000e+000	2.481374e-011
1.051117417933565e-003	5.000000e+000	2.472032e-011
1.052117417933565e-003	5.000000e+000	2.462770e-011
1.053117417933565e-003	5.000000e+000	2.453588e-011
1.054117417933565e-003	5.000000e+000	2.444484e-011
1.055117417933565e-003	5.000000e+000	2.435458e-011
1.056117417933565e-003	5.000000e+000	2.426509e-011
1.057117417933565e-003	5.000000e+000	2.417637e-011
1.058117417933564e-003	5.000000e+000	2.408841e-011
1.059117417933564e-003	5.000000e+000	2.400120e-011
1.060117417933564e-003	5.000000e+000	2.391474e-011
1.061117417933564e-003	5.000000e+000	2.382902e-011
1.062117417933564e-003	5.000000e+000	2.374403e-011
1.063117417933564e-003	5.000000e+000	2.365977e-011
1.064117417933564e-003	5.000000e+000	2.357623e-011
1.065117417933564e-003	5.000000e+000	2.349341e-011
1.066117417933564e-003	5.000000e+000	2.341130e-011
1.067117417933564e-003	5.000000e+000	2.332989e-011
1.068117417933564e-003	5.000000e+000	2.324918e-011
1.069117417933564e-003	5.000000e+000	2.316916e-011
1.070117417933563e-003	5.000000e+000	2.308983e-011
1.071117417933563e-003	5.000000e+000	2.301117e-011
1.072117417933563e-003	5.000000e+000	2.293319e-011
1.073117417933563e-003	5.000000e+000	2.285588e-011
1.074117417933563e-003	5.000000e+000	2.277922e-011
1.075117417933563e-003	5.000000e+000	2.270323e-011
1.076117417933563e-003	5.000000e+000	2.262789e-011
1.077117417933563e-003	5.000000e+000	2.255319e-011
1.078117417933563e-003	5.000000e+000	2.247913e-011
1.079117417933563e-003	5.000000e+000	2.240570e-011
1.080117417933563e-003	5.000000e+000	2.233291e-011
1.081117417933563e-003	5.000000e+000	2.226073e-011
1.082117417933562e-003	5.000000e+000	2.218918e-011
1.083117417933562e-003	5.000000e+000	2.211824e-011
1.084117417933562e-003	5.000000e+000	2.204791e-011
1.085117417933562e-003	5.000000e+000	2.197818e-011
1.086117417933562e-003	5.000000e+000	2.190905e-011
1.087117417933562e-003	5.000000e+000	2.184051e-011
1.088117417933562e-003	5.000000e+000	2.177256e-011
1.089117417933562e-003	5.000000e+000	2.170518e-011
1.090117417933562e-003	5.000000e+000	2.163839e-011
1.091117417933562e-003	5.000000e+000	2.157217e-011
1.092117417933562e-003	5.000000e+000	2.150651e-011
1.094117417933561e-003	5.000000e+000	2.137688e-011
1.096117417933561e-003	5.000000e+000	2.124947e-011
1.099117417933561e-003	5.000000e+000	2.106241e-011
1.101117417933561e-003	5.000000e+000	2.094044e-011
1.103117417933561e-003	5.000000e+000	2.082047e-011
1.105117417933561e-003	5.000000e+000	2.070249e-011
1.107117417933560e-003	5.000000e+000	2.058651e-011
1.109117417933560e-003	5.000000e+000	2.047252e-011
1.111117417933560e-003	5.000000e+000	2.036053e-011
1.113117417933560e-003	5.000000e+000	2.025053e-011
1.131974560790701e-003	5.000000e+000	1.934279e-011
1.150831703647842e-003	5.000000e+000	1.853260e-011
1.169688846504984e-003	5.000000e+000	1.781996e-011
1.188545989362125e-003	5.000000e+000	1.720486e-011
1.207403132219266e-003	5.000000e+000	1.668731e-011
1.226260275076408e-003	5.000000e+000	1.626731e-011
1.245117417933549e-003	5.000000e+000	1.594486e-011
1.273260275076404e-003	5.000000e+000	1.554286e-011
1.301403132219258e-003	5.000000e+000	1.519564e-011
1.329545989362113e-003	5.000000e+000	1.490319e-011
1.357688846504968e-003	5.000000e+000	1.466552e-011
1.385831703647823e-003	5.000000e+000	1.448262e-011
1.413974560790678e-003	5.000000e+000	1.435450e-011
1.442117417933532e-003	5.000000e+000	1.428116e-011
1.509000000000000e-003	5.000000e+000	1.411740e-011
1.510000000000000e-003	5.000000e+000	1.411559e-011
1.510100000000000e-003	4.950000e+000	-5.573411e-011
1.510300000000000e-003	4.850000e+000	-1.816477e-010
1.512477148517552e-003	3.761426e+000	-8.965171e-010
1.513477148517552e-003	3.261426e+000	-1.078651e-009
1.514477148517552e-003	2.761426e+000	-1.269669e-009
1.515524582684499e-003	2.237709e+000	-1.515695e-009
1.515690602268814e-003	2.154699e+000	-1.571799e-009
1.515743965706630e-003	2.128017e+000	-1.592564e-009
1.515746930342064e-003	2.126535e+000	-1.593760e-009
1.515752859612932e-003	2.123570e+000	-1.596062e-009
1.515755387319909e-003	2.122306e+000	-1.596989e-009
1.515757541329423e-003	2.121229e+000	-1.573179e-009
1.515760130243743e-003	2.119935e+000	-1.376250e-009
1.515760469517530e-003	2.119765e+000	-1.211974e-009
1.515761148065103e-003	2.119426e+000	-5.980789e-010
1.515762505160250e-003	2.118747e+000	8.765140e-010
1.515764377663261e-003	2.117811e+000	3.532211e-009
1.515767190173090e-003	2.116405e+000	9.223041e-009
1.515771579166656e-003	2.114210e+000	2.230195e-008
1.515776402073580e-003	2.111799e+000	4.428557e-008
1.515783076304489e-003	2.108462e+000	9.098940e-008
1.515790866951412e-003	2.104567e+000	1.752448e-007
1.515801216683237e-003	2.099392e+000	3.482920e-007
1.515813617972876e-003	2.093191e+000	6.700155e-007
1.515829680724374e-003	2.085160e+000	1.316031e-006
1.515849242689401e-003	2.075379e+000	2.537319e-006
1.515874240505267e-003	2.062880e+000	4.957508e-006
1.515905067025337e-003	2.047467e+000	9.587977e-006
1.515944218297537e-003	2.027891e+000	1.870567e-005
1.515992941360522e-003	2.003529e+000	3.630236e-005
1.516054713794472e-003	1.972643e+000	7.088990e-005
1.516132180514711e-003	1.933910e+000	1.381756e-004
1.516230538067803e-003	1.884731e+000	2.651752e-004
1.516320854999166e-003	1.839573e+000	4.373391e-004
1.516448907691443e-003	1.775546e+000	7.929003e-004
1.516603727055926e-003	1.698136e+000	1.421344e-003
1.516813764665228e-003	1.593118e+000	2.678523e-003
1.517070588652696e-003	1.464706e+000	5.013598e-003
1.517463509359442e-003	1.268245e+000	1.045981e-002
1.517935766701101e-003	1.032117e+000	2.057890e-002
1.518608198689157e-003	6.959007e-001	4.160205e-002
1.519143210139691e-003	4.283949e-001	6.567968e-002
1.520000000000000e-003	0.000000e+000	1.144063e-001
1.520065205685048e-003	0.000000e+000	1.190137e-001
1.520195617055143e-003	0.000000e+000	1.282288e-001
1.520456439795334e-003	0.000000e+000	1.466588e-001
1.521978085275716e-003	0.000000e+000	2.541659e-001
1.522978085275716e-003	0.000000e+000	3.248063e-001
1.524978085275716e-003	0.000000e+000	4.660562e-001
1.525978085275716e-003	0.000000e+000	5.366656e-001
1.526978085275716e-003	0.000000e+000	6.072647e-001
1.527978085275716e-003	0.000000e+000	6.778533e-001
1.528978085275716e-003	0.000000e+000	7.484316e-001
1.529978085275716e-003	0.000000e+000	8.189995e-001
1.530978085275716e-003	0.000000e+000	8.895569e-001
1.531978085275716e-003	0.000000e+000	9.601039e-001
1.532978085275716e-003	0.000000e+000	1.030640e+000
1.533978085275715e-003	0.000000e+000	1.101166e+000
1.534978085275715e-003	0.000000e+000	1.171682e+000
1.535978085275715e-003	0.000000e+000	1.242187e+000
1.536978085275715e-003	0.000000e+000	1.312682e+000
1.537978085275715e-003	0.000000e+000	1.383166e+000
1.538978085275715e-003	0.000000e+000	1.453639e+000
1.539978085275715e-003	0.000000e+000	1.524102e+000
1.540978085275715e-003	0.000000e+000	1.594555e+000
1.541978085275715e-003	0.000000e+000	1.664997e+000
1.542978085275715e-003	0.000000e+000	1.735428e+000
1.543978085275715e-003	0.000000e+000	1.805849e+000
1.544978085275715e-003	0.000000e+000	1.876260e+000
1.545978085275714e-003	0.000000e+000	1.946659e+000
1.546978085275714e-003	0.000000e+000	2.017049e+000
1.547978085275714e-003	0.000000e+000	2.087427e+000
1.548978085275714e-003	0.000000e+000	2.157795e+000
1.549978085275714e-003	0.000000e+000	2.228153e+000
1.550978085275714e-003	0.000000e+000	2.298500e+000
1.551978085275714e-003	0.000000e+000	2.368836e+000
1.552978085275714e-003	0.000000e+000	2.439161e+000
1.553978085275714e-003	0.000000e+000	2.509476e+000
1.554978085275714e-003	0.000000e+000	2.579781e+000
1.555978085275714e-003	0.000000e+000	2.650074e+000
1.556978085275714e-003	0.000000e+000	2.720336e+000
1.557978085275713e-003	0.000000e+000	2.790493e+000
1.558978085275713e-003	0.000000e+000	2.860403e+000
1.559978085275713e-003	0.000000e+000	2.929896e+000
1.560978085275713e-003	0.000000e+000	2.998807e+000
1.561978085275713e-003	0.000000e+000	3.066978e+000
1.562978085275713e-003	0.000000e+000	3.134264e+000
1.563978085275713e-003	0.000000e+000	3.200533e+000
1.564978085275713e-003	0.000000e+000	3.265669e+000
1.565978085275713e-003	0.000000e+000	3.329566e+000
1.566978085275713e-003	0.000000e+000	3.392133e+000
1.567978085275713e-003	0.000000e+000	3.453293e+000
1.568978085275712e-003	0.000000e+000	3.512980e+000
1.569978085275712e-003	0.000000e+000	3.571142e+000
1.570978085275712e-003	0.000000e+000	3.627737e+000
1.571978085275712e-003	0.000000e+000	3.682734e+000
1.572978085275712e-003	0.000000e+000	3.736111e+000
1.573978085275712e-003	0.000000e+000	3.787855e+000
1.574978085275712e-003	0.000000e+000	3.837962e+000
1.575978085275712e-003	0.000000e+000	3.886434e+000
1.576978085275712e-003	0.000000e+000	3.933279e+000
1.577978085275712e-003	0.000000e+000	3.978511e+000
1.578978085275712e-003	0.000000e+000	4.022149e+000
1.579978085275712e-003	0.000000e+000	4.064216e+000
1.580978085275711e-003	0.000000e+000	4.104739e+000
1.581978085275711e-003	0.000000e+000	4.143747e+000
1.582978085275711e-003	0.000000e+000	4.181273e+000
1.583978085275711e-003	0.000000e+000	4.217351e+000
1.584978085275711e-003	0.000000e+000	4.252017e+000
1.585978085275711e-003	0.000000e+000	4.285308e+000
1.586978085275711e-003	0.000000e+000	4.317263e+000
1.587978085275711e-003	0.000000e+000	4.347921e+000
1.588978085275711e-003	0.000000e+000	4.377321e+000
1.589978085275711e-003	0.000000e+000	4.405504e+000
1.590978085275711e-003	0.000000e+000	4.432508e+000
1.591978085275711e-003	0.000000e+000	4.458374e+000
1.592978085275710e-003	0.000000e+000	4.483140e+000
1.593978085275710e-003	0.000000e+000	4.506846e+000
1.594978085275710e-003	0.000000e+000	4.529531e+000
1.595978085275710e-003	0.000000e+000	4.551229e+000
1.596978085275710e-003	0.000000e+000	4.571981e+000
1.597978085275710e-003	0.000000e+000	4.591822e+000
1.598978085275710e-003	0.000000e+000	4.610786e+000
1.599978085275710e-003	0.000000e+000	4.628909e+000
1.600978085275710e-003	0.000000e+000	4.646224e+000
1.601978085275710e-003	0.000000e+000	4.662763e+000
1.602978085275710e-003	0.000000e+000	4.678558e+000
1.603978085275710e-003	0.000000e+000	4.693640e+000
1.604978085275709e-003	0.000000e+000	4.708037e+000
1.606978085275709e-003	0.000000e+000	4.734896e+000
1.608978085275709e-003	0.000000e+000	4.759352e+000
1.611978085275709e-003	0.000000e+000	4.791967e+000
1.614978085275709e-003	0.000000e+000	4.820251e+000
1.617978085275708e-003	0.000000e+000	4.844753e+000
1.620978085275708e-003	0.000000e+000	4.865964e+000
1.623978085275708e-003	0.000000e+000	4.884313e+000
1.626978085275708e-003	0.000000e+000	4.900177e+000
1.629978085275707e-003	0.000000e+000	4.913884e+000
1.632978085275707e-003	0.000000e+000	4.925725e+000
1.635978085275707e-003	0.000000e+000	4.935947e+000
1.638978085275707e-003	0.000000e+000	4.944771e+000
1.641978085275706e-003	0.000000e+000	4.952385e+000
1.644978085275706e-003	0.000000e+000	4.958954e+000
1.647978085275706e-003	0.000000e+000	4.964620e+000
1.650978085275706e-003	0.000000e+000	4.969506e+000
1.653978085275705e-003	0.000000e+000	4.973720e+000
1.656978085275705e-003	0.000000e+000	4.977352e+000
1.659978085275705e-003	0.000000e+000	4.980483e+000
1.662978085275705e-003	0.000000e+000	4.983182e+000
1.665978085275704e-003	0.000000e+000	4.985509e+000
1.668978085275704e-003	0.000000e+000	4.987514e+000
1.671978085275704e-003	0.000000e+000	4.989242e+000
1.674978085275704e-003	0.000000e+000	4.990731e+000
1.677978085275703e-003	0.000000e+000	4.992014e+000
1.680978085275703e-003	0.000000e+000	4.993119e+000
1.683978085275703e-003	0.000000e+000	4.994072e+000
1.686978085275703e-003	0.000000e+000	4.994893e+000
1.689978085275702e-003	0.000000e+000	4.995600e+000
1.692978085275702e-003	0.000000e+000	4.996209e+000
1.695978085275702e-003	0.000000e+000	4.996734e+000
1.698978085275702e-003	0.000000e+000	4.997187e+000
1.701978085275701e-003	0.000000e+000	4.997576e+000
1.704978085275701e-003	0.000000e+000	4.997912e+000
1.707978085275701e-003	0.000000e+000	4.998201e+000
1.710978085275701e-003	0.000000e+000	4.998450e+000
1.713978085275700e-003	0.000000e+000	4.998665e+000
1.716978085275700e-003	0.000000e+000	4.998850e+000
1.719978085275700e-003	0.000000e+000	4.999009e+000
1.722978085275700e-003	0.000000e+000	4.999146e+000
1.725978085275699e-003	0.000000e+000	4.999265e+000
1.728978085275699e-003	0.000000e+000	4.999367e+000
1.731978085275699e-003	0.000000e+000	4.999454e+000
1.734978085275699e-003	0.000000e+000	4.999530e+000
1.737978085275698e-003	0.000000e+000	4.999595e+000
1.740978085275698e-003	0.000000e+000	4.999651e+000
1.743978085275698e-003	0.000000e+000	4.999700e+000
1.746978085275698e-003	0.000000e+000	4.999741e+000
1.749978085275697e-003	0.000000e+000	4.999777e+000
1.752978085275697e-003	0.000000e+000	4.999808e+000
1.755978085275697e-003	0.000000e+000	4.999835e+000
1.758978085275697e-003	0.000000e+000	4.999857e+000
1.761978085275696e-003	0.000000e+000	4.999877e+000
1.764978085275696e-003	0.000000e+000	4.999894e+000
1.767978085275696e-003	0.000000e+000	4.999909e+000
1.770978085275696e-003	0.000000e+000	4.999921e+000
1.773978085275695e-003	0.000000e+000	4.999932e+000
1.776978085275695e-003	0.000000e+000	4.999942e+000
1.779978085275695e-003	0.000000e+000	4.999950e+000
1.782978085275694e-003	0.000000e+000	4.999957e+000
1.785978085275694e-003	0.000000e+000	4.999963e+000
1.788978085275694e-003	0.000000e+000	4.999968e+000
1.791978085275694e-003	0.000000e+000	4.999972e+000
1.794978085275693e-003	0.000000e+000	4.999976e+000
1.797978085275693e-003	0.000000e+000	4.999979e+000
1.800978085275693e-003	0.000000e+000	4.999982e+000
1.803549513847121e-003	0.000000e+000	4.999984e+000
1.806120942418550e-003	0.000000e+000	4.999986e+000
1.808692370989978e-003	0.000000e+000	4.999988e+000
1.811263799561406e-003	0.000000e+000	4.999989e+000
1.813835228132835e-003	0.000000e+000	4.999991e+000
1.816406656704263e-003	0.000000e+000	4.999992e+000
1.818978085275691e-003	0.000000e+000	4.999993e+000
1.822263799561405e-003	0.000000e+000	4.999994e+000
1.825549513847120e-003	0.000000e+000	4.999995e+000
1.828835228132833e-003	0.000000e+000	4.999995e+000
1.832120942418548e-003	0.000000e+000	4.999996e+000
1.835406656704261e-003	0.000000e+000	4.999997e+000
1.838692370989976e-003	0.000000e+000	4.999997e+000
1.841978085275690e-003	0.000000e+000	4.999998e+000
1.844549513847118e-003	0.000000e+000	4.999998e+000
1.847120942418546e-003	0.000000e+000	4.999998e+000
1.849692370989975e-003	0.000000e+000	4.999998e+000
1.852263799561403e-003	0.000000e+000	4.999999e+000
1.854835228132831e-003	0.000000e+000	4.999999e+000
1.857406656704260e-003	0.000000e+000	4.999999e+000
1.859978085275688e-003	0.000000e+000	4.999999e+000
1.860978085275688e-003	0.000000e+000	4.999999e+000
1.868549513847116e-003	0.000000e+000	4.999999e+000
1.876120942418544e-003	0.000000e+000	5.000000e+000
1.883692370989972e-003	0.000000e+000	5.000000e+000
1.891263799561400e-003	0.000000e+000	5.000000e+000
1.898835228132828e-003	0.000000e+000	5.000000e+000
1.906406656704256e-003	0.000000e+000	5.000000e+000
1.913978085275683e-003	0.000000e+000	5.000000e+000
1.997978085275686e-003	0.000000e+000	5.000000e+000
1.999000000000000e-003	0.000000e+000	5.000000e+000
1.999516206642102e-003	0.000000e+000	5.000000e+000
1.999676353305866e-003	0.000000e+000	5.000000e+000
1.999686413405684e-003	0.000000e+000	5.000000e+000
1.999699826872109e-003	0.000000e+000	5.000000e+000
1.999913781866463e-003	0.000000e+000	5.000000e+000
2.000000000000000e-003	0.000000e+000	5.000000e+000
2.000008621813354e-003	4.310907e-003	5.000000e+000
2.000025865440061e-003	1.293272e-002	5.000000e+000
2.003094970295927e-003	1.547485e+000	5.000000e+000
2.003474445130706e-003	1.737223e+000	4.999994e+000
2.003716161503506e-003	1.858081e+000	4.999969e+000
2.003806469235218e-003	1.903235e+000	4.999927e+000
2.003861788407911e-003	1.930894e+000	4.999864e+000
2.003923436475274e-003	1.961718e+000	4.999753e+000
2.003935433654954e-003	1.967717e+000	4.999725e+000
2.003938684557195e-003	1.969342e+000	4.999717e+000
2.003939192603817e-003	1.969596e+000	4.999715e+000
2.003939882472232e-003	1.969941e+000	4.999713e+000
2.003940693083359e-003	1.970347e+000	4.999711e+000
2.003941500403982e-003	1.970750e+000	4.999709e+000
2.003942558882779e-003	1.971279e+000	4.999706e+000
2.003943389350522e-003	1.971695e+000	4.999704e+000
2.003944449963717e-003	1.972225e+000	4.999701e+000
2.003945237588157e-003	1.972619e+000	4.999699e+000
2.003946231904199e-003	1.973116e+000	4.999696e+000
2.003947067336808e-003	1.973534e+000	4.999693e+000
2.003948172468274e-003	1.974086e+000	4.999691e+000
2.003949254403601e-003	1.974627e+000	4.999687e+000
2.003950601627654e-003	1.975301e+000	4.999683e+000
2.003952094801563e-003	1.976047e+000	4.999679e+000
2.003953874912237e-003	1.976937e+000	4.999674e+000
2.003956098178909e-003	1.978049e+000	4.999667e+000
2.003958627340660e-003	1.979314e+000	4.999660e+000
2.003962378931171e-003	1.981189e+000	4.999648e+000
2.003966387410757e-003	1.983194e+000	4.999635e+000
2.003974404369930e-003	1.987202e+000	4.999608e+000
2.003981966273974e-003	1.990983e+000	4.999582e+000
2.003997090082062e-003	1.998545e+000	4.999525e+000
2.004014899873379e-003	2.007450e+000	4.999451e+000
2.004042212138483e-003	2.021106e+000	4.999321e+000
2.004089712489759e-003	2.044856e+000	4.999038e+000
2.004175063090572e-003	2.087532e+000	4.998348e+000
2.004298754788601e-003	2.149377e+000	4.996999e+000
2.004377778798360e-003	2.188890e+000	4.995850e+000
2.004469984405395e-003	2.234992e+000	4.994102e+000
2.004583299919031e-003	2.291650e+000	4.991208e+000
2.004809930946302e-003	2.404965e+000	4.982256e+000
2.005263193000843e-003	2.631597e+000	4.948421e+000
2.006169717109926e-003	3.084859e+000	4.820025e+000
2.007169717109926e-003	3.584859e+000	4.570606e+000
2.008169717109926e-003	4.084858e+000	4.178954e+000
2.009000000000000e-003	4.500000e+000	3.715800e+000
2.010000000000000e-003	5.000000e+000	3.030085e+000
2.010100000000000e-003	5.000000e+000	2.950451e+000
2.010300000000000e-003	5.000000e+000	2.794579e+000
2.010700000000000e-003	5.000000e+000	2.501307e+000
2.011500000000000e-003	5.000000e+000	1.976187e+000
2.012359191781460e-003	5.000000e+000	1.503573e+000
2.013359191781460e-003	5.000000e+000	1.073642e+000
2.014359191781460e-003	5.000000e+000	7.528296e-001
2.015359191781461e-003	5.000000e+000	5.224792e-001
2.016359191781461e-003	5.000000e+000	3.600596e-001
2.017359191781461e-003	5.000000e+000	2.469195e-001
2.018359191781461e-003	5.000000e+000	1.687602e-001
2.019359191781461e-003	5.000000e+000	1.150849e-001
2.020359191781461e-003	5.000000e+000	7.836843e-002
2.021359191781461e-003	5.000000e+000	5.331383e-002
2.022359191781461e-003	5.000000e+000	3.624524e-002
2.023359191781462e-003	5.000000e+000	2.463014e-002
2.024359191781462e-003	5.000000e+000	1.673210e-002
2.025359191781462e-003	5.000000e+000	1.136434e-002
2.026359191781462e-003	5.000000e+000	7.717505e-003
2.027359191781462e-003	5.000000e+000	5.240445e-003
2.028359191781462e-003	5.000000e+000	3.558208e-003
2.029359191781462e-003	5.000000e+000	2.415881e-003
2.030359191781463e-003	5.000000e+000	1.640237e-003
2.031359191781463e-003	5.000000e+000	1.113599e-003
2.032359191781463e-003	5.000000e+000	7.560410e-004
2.033359191781463e-003	5.000000e+000	5.132840e-004
2.034359191781463e-003	5.000000e+000	3.484715e-004
2.035359191781463e-003	5.000000e+000	2.365784e-004
2.036359191781463e-003	5.000000e+000	1.606133e-004
2.037359191781463e-003	5.000000e+000	1.090403e-004
2.038359191781464e-003	5.000000e+000	7.402735e-005
2.039359191781464e-003	5.000000e+000	5.025704e-005
2.040359191781464e-003	5.000000e+000	3.411940e-005
2.041359191781464e-003	5.000000e+000	2.316358e-005
2.042359191781464e-003	5.000000e+000	1.572570e-005
2.043359191781464e-003	5.000000e+000	1.067614e-005
2.044359191781464e-003	5.000000e+000	7.248011e-006
2.045359191781465e-003	5.000000e+000	4.920662e-006
2.046359191781465e-003	5.000000e+000	3.340632e-006
2.047359191781465e-003	5.000000e+000	2.267955e-006
2.048359191781465e-003	5.000000e+000	1.539717e-006
2.049359191781465e-003	5.000000e+000	1.045319e-006
2.050359191781465e-003	5.000000e+000	7.096737e-007
2.051359191781465e-003	5.000000e+000	4.818052e-007
2.052359191781465e-003	5.000000e+000	3.271059e-007
2.053359191781466e-003	5.000000e+000	2.220798e-007
2.054359013362784e-003	5.000000e+000	1.507895e-007
2.055359013362784e-003	5.000000e+000	1.023812e-007
2.057359013362784e-003	5.000000e+000	4.720419e-008
2.060359013362784e-003	5.000000e+000	1.479148e-008
2.064501870505642e-003	5.000000e+000	8.517437e-009
2.068644727648500e-003	5.000000e+000	3.631825e-009
2.072787584791357e-003	5.000000e+000	1.346477e-010
2.076930441934215e-003	5.000000e+000	-1.974094e-009
2.081073299077073e-003	5.000000e+000	-2.694401e-009
2.085216156219931e-003	5.000000e+000	-2.026273e-009
2.089359013362788e-003	5.000000e+000	3.029004e-011
2.125359013362793e-003	5.000000e+000	2.966545e-011
2.161359013362798e-003	5.000000e+000	2.914348e-011
2.197359013362803e-003	5.000000e+000	2.872413e-011
2.233359013362807e-003	5.000000e+000	2.840741e-011
2.269359013362812e-003	5.000000e+000	2.819332e-011
2.305359013362817e-003	5.000000e+000	2.808185e-011
2.341359013362822e-003	5.000000e+000	2.807301e-011
2.509000000000000e-003	5.000000e+000	2.787408e-011
2.510000000000000e-003	5.000000e+000	3.506073e-011
2.510100000000000e-003	4.950000e+000	2.556499e-011
2.510300000000000e-003	4.850000e+000	4.044582e-012
2.512500000000000e-003	3.750000e+000	-2.117981e-010
2.514500000000000e-003	2.750000e+000	-3.194034e-010
2.515547434171610e-003	2.226283e+000	-3.642233e-010
2.515749029400952e-003	2.125485e+000	-3.726987e-010
2.515749680137639e-003	2.125160e+000	-3.727265e-010
2.515750981611013e-003	2.124509e+000	-3.727817e-010
2.515753584557762e-003	2.123208e+000	-3.728876e-010
2.515757503568167e-003	2.121248e+000	1.769547e-010
2.515759612506167e-003	2.120194e+000	1.920494e-009
2.515762414491568e-003	2.118793e+000	7.245970e-009
2.515765791435847e-003	2.117104e+000	1.766581e-008
2.515769235319112e-003	2.115382e+000	3.432363e-008
2.515774087541195e-003	2.112956e+000	7.039675e-008
2.515779725131945e-003	2.110137e+000	1.351068e-007
2.515787262497403e-003	2.106369e+000	2.688279e-007
2.515796241366473e-003	2.101879e+000	5.160526e-007
2.515807897415012e-003	2.096051e+000	1.013764e-006
2.515822053146179e-003	2.088974e+000	1.952661e-006
2.515840159889995e-003	2.079920e+000	3.816584e-006
2.515862433023371e-003	2.068784e+000	7.377948e-006
2.515890707971723e-003	2.054646e+000	1.439616e-005
2.515925801333301e-003	2.037099e+000	2.792347e-005
2.515970217458535e-003	2.014891e+000	5.450084e-005
2.516025732985633e-003	1.987134e+000	1.060779e-004
2.516096002271583e-003	1.951999e+000	2.074152e-004
2.516184370661579e-003	1.907815e+000	4.039711e-004
2.516291816130059e-003	1.854092e+000	7.714548e-004
2.516427849974990e-003	1.786075e+000	1.489617e-003
2.516608394093031e-003	1.695803e+000	2.961294e-003
2.516838206368600e-003	1.580897e+000	5.856963e-003
2.517132999753628e-003	1.433500e+000	1.161809e-002
2.517522812017204e-003	1.238594e+000	2.329492e-002
2.518032321103637e-003	9.838395e-001	4.450620e-002
2.518398544371601e-003	8.007278e-001	6.352955e-002
2.518783619183820e-003	6.081904e-001	8.645989e-002
2.519326749154019e-003	3.366254e-001	1.215037e-001
2.520000000000000e-003	0.000000e+000	1.670716e-001
2.520067325084598e-003	0.000000e+000	1.718289e-001
2.520201975253794e-003	0.000000e+000	1.813432e-001
2.520471275592187e-003	0.000000e+000	2.003704e-001
2.523009876268972e-003	0.000000e+000	3.796958e-001
2.526009876268972e-003	0.000000e+000	5.915310e-001
2.528581304840401e-003	0.000000e+000	7.730301e-001
2.531152733411830e-003	0.000000e+000	9.544598e-001
2.533724161983259e-003	0.000000e+000	1.135820e+000
2.536295590554688e-003	0.000000e+000	1.317111e+000
2.538867019126117e-003	0.000000e+000	1.498333e+000
2.541438447697545e-003	0.000000e+000	1.679485e+000
2.544009876268974e-003	0.000000e+000	1.860568e+000
2.545581304840403e-003	0.000000e+000	1.971195e+000
2.547152733411832e-003	0.000000e+000	2.081796e+000
2.548724161983261e-003	0.000000e+000	2.192371e+000
2.550295590554690e-003	0.000000e+000	2.302920e+000
2.551867019126118e-003	0.000000e+000	2.413442e+000
2.553438447697547e-003	0.000000e+000	2.523939e+000
2.555009876268976e-003	0.000000e+000	2.634409e+000
2.556009876268976e-003	0.000000e+000	2.704682e+000
2.557009876268976e-003	0.000000e+000	2.774872e+000
2.560009876268977e-003	0.000000e+000	2.983506e+000
2.562009876268977e-003	0.000000e+000	3.119350e+000
2.564009876268977e-003	0.000000e+000	3.251255e+000
2.566009876268977e-003	0.000000e+000	3.378307e+000
2.569009876268978e-003	0.000000e+000	3.558313e+000
2.572009876268978e-003	0.000000e+000	3.724355e+000
2.575009876268979e-003	0.000000e+000	3.875772e+000
2.577295590554693e-003	0.000000e+000	3.980309e+000
2.579581304840408e-003	0.000000e+000	4.077473e+000
2.581867019126122e-003	0.000000e+000	4.167265e+000
2.584152733411837e-003	0.000000e+000	4.249684e+000
2.586438447697551e-003	0.000000e+000	4.324731e+000
2.588724161983266e-003	0.000000e+000	4.392404e+000
2.591009876268981e-003	0.000000e+000	4.452705e+000
2.594009876268981e-003	0.000000e+000	4.524561e+000
2.597009876268981e-003	0.000000e+000	4.587477e+000
2.600009876268982e-003	0.000000e+000	4.642433e+000
2.603009876268982e-003	0.000000e+000	4.690338e+000
2.606009876268983e-003	0.000000e+000	4.732026e+000
2.609009876268983e-003	0.000000e+000	4.768250e+000
2.612009876268983e-003	0.000000e+000	4.799686e+000
2.615009876268984e-003	0.000000e+000	4.826940e+000
2.618009876268984e-003	0.000000e+000	4.850545e+000
2.621009876268985e-003	0.000000e+000	4.870976e+000
2.624009876268985e-003	0.000000e+000	4.888647e+000
2.627009876268985e-003	0.000000e+000	4.903922e+000
2.630009876268986e-003	0.000000e+000	4.917120e+000
2.633009876268986e-003	0.000000e+000	4.928518e+000
2.636009876268987e-003	0.000000e+000	4.938359e+000
2.639009876268987e-003	0.000000e+000	4.946853e+000
2.642009876268987e-003	0.000000e+000	4.954181e+000
2.645009876268988e-003	0.000000e+000	4.960504e+000
2.648009876268988e-003	0.000000e+000	4.965956e+000
2.651009876268989e-003	0.000000e+000	4.970658e+000
2.654009876268989e-003	0.000000e+000	4.974713e+000
2.657009876268989e-003	0.000000e+000	4.978208e+000
2.660009876268990e-003	0.000000e+000	4.981222e+000
2.663009876268990e-003	0.000000e+000	4.983819e+000
2.666009876268991e-003	0.000000e+000	4.986057e+000
2.669009876268991e-003	0.000000e+000	4.987987e+000
2.672009876268991e-003	0.000000e+000	4.989649e+000
2.675009876268992e-003	0.000000e+000	4.991082e+000
2.678009876268992e-003	0.000000e+000	4.992316e+000
2.681009876268993e-003	0.000000e+000	4.993380e+000
2.684009876268993e-003	0.000000e+000	4.994297e+000
2.687009876268993e-003	0.000000e+000	4.995086e+000
2.690009876268994e-003	0.000000e+000	4.995767e+000
2.693009876268994e-003	0.000000e+000	4.996353e+000
2.696009876268995e-003	0.000000e+000	4.996858e+000
2.699009876268995e-003	0.000000e+000	4.997293e+000
2.702009876268995e-003	0.000000e+000	4.997668e+000
2.705009876268996e-003	0.000000e+000	4.997991e+000
2.708009876268996e-003	0.000000e+000	4.998270e+000
2.711009876268997e-003	0.000000e+000	4.998509e+000
2.714009876268997e-003	0.000000e+000	4.998715e+000
2.717009876268997e-003	0.000000e+000	4.998894e+000
2.720009876268998e-003	0.000000e+000	4.999047e+000
2.723009876268998e-003	0.000000e+000	4.999179e+000
2.726009876268999e-003	0.000000e+000	4.999292e+000
2.729009876268999e-003	0.000000e+000	4.999391e+000
2.732009876268999e-003	0.000000e+000	4.999475e+000
2.735009876269000e-003	0.000000e+000	4.999548e+000
2.738009876269000e-003	0.000000e+000	4.999610e+000
2.741009876269001e-003	0.000000e+000	4.999664e+000
2.744009876269001e-003	0.000000e+000	4.999711e+000
2.747009876269001e-003	0.000000e+000	4.999751e+000
2.750009876269002e-003	0.000000e+000	4.999785e+000
2.753009876269002e-003	0.000000e+000	4.999815e+000
2.756009876269003e-003	0.000000e+000	4.999841e+000
2.759009876269003e-003	0.000000e+000	4.999863e+000
2.762009876269003e-003	0.000000e+000	4.999882e+000
2.765009876269004e-003	0.000000e+000	4.999898e+000
2.768009876269004e-003	0.000000e+000	4.999912e+000
2.771009876269005e-003	0.000000e+000	4.999925e+000
2.774009876269005e-003	0.000000e+000	4.999935e+000
2.777009876269005e-003	0.000000e+000	4.999944e+000
2.780009876269006e-003	0.000000e+000	4.999952e+000
2.783009876269006e-003	0.000000e+000	4.999959e+000
2.784009876269006e-003	0.000000e+000	4.999960e+000
2.787009876269007e-003	0.000000e+000	4.999966e+000
2.790009876269007e-003	0.000000e+000	4.999970e+000
2.793009876269007e-003	0.000000e+000	4.999975e+000
2.796009876269008e-003	0.000000e+000	4.999978e+000
2.799009876269008e-003	0.000000e+000	4.999981e+000
2.801438447697580e-003	0.000000e+000	4.999983e+000
2.803867019126152e-003	0.000000e+000	4.999985e+000
2.806295590554724e-003	0.000000e+000	4.999987e+000
2.808724161983295e-003	0.000000e+000	4.999988e+000
2.811152733411867e-003	0.000000e+000	4.999990e+000
2.813581304840439e-003	0.000000e+000	4.999991e+000
2.816009876269010e-003	0.000000e+000	4.999992e+000
2.819152733411868e-003	0.000000e+000	4.999993e+000
2.822295590554726e-003	0.000000e+000	4.999994e+000
2.825438447697583e-003	0.000000e+000	4.999995e+000
2.828581304840441e-003	0.000000e+000	4.999996e+000
2.831724161983298e-003	0.000000e+000	4.999996e+000
2.834867019126156e-003	0.000000e+000	4.999997e+000
2.838009876269013e-003	0.000000e+000	4.999997e+000
2.842724161983300e-003	0.000000e+000	4.999998e+000
2.847438447697586e-003	0.000000e+000	4.999998e+000
2.852152733411872e-003	0.000000e+000	4.999999e+000
2.856867019126159e-003	0.000000e+000	4.999999e+000
2.861581304840445e-003	0.000000e+000	4.999999e+000
2.866295590554732e-003	0.000000e+000	5.000000e+000
2.871009876269018e-003	0.000000e+000	5.000000e+000
2.880867019126162e-003	0.000000e+000	5.000000e+000
2.890724161983306e-003	0.000000e+000	5.000000e+000
2.900581304840450e-003	0.000000e+000	5.000000e+000
2.910438447697594e-003	0.000000e+000	5.000000e+000
2.920295590554739e-003	0.000000e+000	5.000000e+000
2.930152733411883e-003	0.000000e+000	5.000000e+000
2.940009876269027e-003	0.000000e+000	5.000000e+000
2.999009876269035e-003	0.000000e+000	5.000000e+000
3.000000000000000e-003	0.000000e+000	5.000000e+000
3.000099012373097e-003	4.950619e-002	5.000000e+000
3.000297037119290e-003	1.485186e-001	5.000000e+000
3.002485185596448e-003	1.242593e+000	5.000000e+000
3.003485185596448e-003	1.742593e+000	4.999951e+000
3.003765892601497e-003	1.882946e+000	4.999708e+000
3.003952515901914e-003	1.976258e+000	4.999037e+000
3.004078324441246e-003	2.039162e+000	4.997933e+000
3.004200000057495e-003	2.100000e+000	4.996006e+000
3.004329701484644e-003	2.164851e+000	4.992858e+000
3.004454161359717e-003	2.227081e+000	4.988564e+000
3.004582131655529e-003	2.291066e+000	4.982562e+000
3.004721490923234e-003	2.360745e+000	4.973353e+000
3.005000209458642e-003	2.500105e+000	4.943973e+000
3.005557646529460e-003	2.778823e+000	4.834261e+000
3.006557646529460e-003	3.278823e+000	4.475953e+000
3.007557646529460e-003	3.778823e+000	3.870628e+000
3.008557646529460e-003	4.278823e+000	2.996088e+000
3.009000000000000e-003	4.500000e+000	2.517445e+000
3.009115293058920e-003	4.557647e+000	2.380525e+000
3.009345879176761e-003	4.672940e+000	2.105654e+000
3.009538827764319e-003	4.769414e+000	1.881476e+000
3.009614102824883e-003	4.807051e+000	1.797457e+000
3.009764652946009e-003	4.882327e+000	1.638327e+000
3.010000000000000e-003	5.000000e+000	1.400466e+000
3.010023534705399e-003	5.000000e+000	1.378614e+000
3.010070604116197e-003	5.000000e+000	1.335788e+000
3.010164742937794e-003	5.000000e+000	1.254309e+000
3.010353020580987e-003	5.000000e+000	1.107288e+000
3.010729575867372e-003	5.000000e+000	8.637604e-001
3.011346888936138e-003	5.000000e+000	5.604762e-001
3.011914267988232e-003	5.000000e+000	3.641725e-001
3.012416111021774e-003	5.000000e+000	2.481275e-001
3.012923274288498e-003	5.000000e+000	1.690016e-001
3.013458803639779e-003	5.000000e+000	1.122271e-001
3.013975024570744e-003	5.000000e+000	7.529192e-002
3.014487734402118e-003	5.000000e+000	5.065065e-002
3.014989071233958e-003	5.000000e+000	3.436957e-002
3.015495014705336e-003	5.000000e+000	2.324677e-002
3.015995936135360e-003	5.000000e+000	1.577587e-002
3.016499989026338e-003	5.000000e+000	1.068046e-002
3.017000040740815e-003	5.000000e+000	7.250954e-003
3.017502390960147e-003	5.000000e+000	4.914587e-003
3.018002179036359e-003	5.000000e+000	3.337039e-003
3.018503773542042e-003	5.000000e+000	2.262931e-003
3.019003605372732e-003	5.000000e+000	1.536450e-003
3.019504745013539e-003	5.000000e+000	1.042220e-003
3.020004654248747e-003	5.000000e+000	7.075834e-004
3.020505517452331e-003	5.000000e+000	4.800656e-004
3.021005520325015e-003	5.000000e+000	3.259024e-004
3.021506212542425e-003	5.000000e+000	2.211370e-004
3.022006296491551e-003	5.000000e+000	1.501144e-004
3.022506877616403e-003	5.000000e+000	1.018661e-004
3.023007025033220e-003	5.000000e+000	6.914655e-005
3.023507533844933e-003	5.000000e+000	4.692451e-005
3.024007727207714e-003	5.000000e+000	3.185125e-005
3.024508190656133e-003	5.000000e+000	2.161570e-005
3.025008412614990e-003	5.000000e+000	1.467194e-005
3.025508853213046e-003	5.000000e+000	9.957200e-006
3.026009084085844e-003	5.000000e+000	6.758552e-006
3.026509527155391e-003	5.000000e+000	4.586717e-006
3.027009738362952e-003	5.000000e+000	3.113340e-006
3.027510223031124e-003	5.000000e+000	2.112811e-006
3.028010363279289e-003	5.000000e+000	1.434207e-006
3.028510963655046e-003	5.000000e+000	9.732125e-007
3.029010929643018e-003	5.000000e+000	6.607273e-007
3.029511799186459e-003	5.000000e+000	4.482596e-007
3.030011372935130e-003	5.000000e+000	3.044293e-007
3.030512840182042e-003	5.000000e+000	2.064417e-007
3.031011554721710e-003	5.000000e+000	1.403024e-007
3.031514332766577e-003	5.000000e+000	9.554856e-008
3.032098497722843e-003	5.000000e+000	6.149073e-008
3.032756624074288e-003	5.000000e+000	3.754712e-008
3.033576497265429e-003	5.000000e+000	2.045724e-008
3.034570228664154e-003	5.000000e+000	9.559773e-009
3.035570228664154e-003	5.000000e+000	4.290418e-009
3.036570228664154e-003	5.000000e+000	1.930632e-009
3.037570228664154e-003	5.000000e+000	8.766390e-010
3.038570228664154e-003	5.000000e+000	4.058436e-010
3.039570228664155e-003	5.000000e+000	1.955185e-010
3.040570228664155e-003	5.000000e+000	1.015261e-010
3.041570228664155e-003	5.000000e+000	5.949106e-011
3.042570228664155e-003	5.000000e+000	4.066189e-011
3.043570228664155e-003	5.000000e+000	3.219748e-011
3.044570228664155e-003	5.000000e+000	2.836269e-011
3.045570228664155e-003	5.000000e+000	2.659606e-011
3.046570228664156e-003	5.000000e+000	2.575358e-011
3.047570228664156e-003	5.000000e+000	2.532430e-011
3.048570228664156e-003	5.000000e+000	2.508003e-011
3.049570228664156e-003	5.000000e+000	2.491884e-011
3.050570228664156e-003	5.000000e+000	2.479519e-011
3.051570228664156e-003	5.000000e+000	2.468876e-011
3.052570228664156e-003	5.000000e+000	2.459045e-011
3.053570228664156e-003	5.000000e+000	2.449621e-011
3.054570228664157e-003	5.000000e+000	2.440421e-011
3.055570228664157e-003	5.000000e+000	2.431365e-011
3.056570228664157e-003	5.000000e+000	2.422414e-011
3.057570228664157e-003	5.000000e+000	2.413554e-011
3.058570228664157e-003	5.000000e+000	2.404774e-011
3.059570228664157e-003	5.000000e+000	2.396073e-011
3.060570228664157e-003	5.000000e+000	2.387447e-011
3.061570228664158e-003	5.000000e+000	2.378896e-011
3.062570228664158e-003	5.000000e+000	2.370418e-011
3.063570228664158e-003	5.000000e+000	2.362013e-011
3.064570228664158e-003	5.000000e+000	2.353680e-011
3.065570228664158e-003	5.000000e+000	2.345418e-011
3.066570228664158e-003	5.000000e+000	2.337227e-011
3.067570228664158e-003	5.000000e+000	2.329107e-011
3.068570228664158e-003	5.000000e+000	2.321055e-011
3.069570228664159e-003	5.000000e+000	2.313073e-011
3.070570228664159e-003	5.000000e+000	2.305159e-011
3.071570228664159e-003	5.000000e+000	2.297313e-011
3.072570228664159e-003	5.000000e+000	2.289535e-011
3.073570228664159e-003	5.000000e+000	2.281823e-011
3.074570228664159e-003	5.000000e+000	2.274177e-011
3.075570228664159e-003	5.000000e+000	2.266596e-011
3.076570228664160e-003	5.000000e+000	2.259080e-011
3.077570228664160e-003	5.000000e+000	2.251629e-011
3.078570228664160e-003	5.000000e+000	2.244241e-011
3.079570228664160e-003	5.000000e+000	2.236917e-011
3.080570228664160e-003	5.000000e+000	2.229656e-011
3.081570228664160e-003	5.000000e+000	2.222456e-011
3.082570228664160e-003	5.000000e+000	2.215319e-011
3.083570228664160e-003	5.000000e+000	2.208242e-011
3.084570228664161e-003	5.000000e+000	2.201227e-011
3.085570228664161e-003	5.000000e+000	2.194271e-011
3.086570228664161e-003	5.000000e+000	2.187375e-011
3.087570228664161e-003	5.000000e+000	2.180538e-011
3.088570228664161e-003	5.000000e+000	2.173759e-011
3.089570228664161e-003	5.000000e+000	2.167038e-011
3.090570228664161e-003	5.000000e+000	2.160375e-011
3.091570228664162e-003	5.000000e+000	2.153770e-011
3.092570228664162e-003	5.000000e+000	2.147220e-011
3.093570228664162e-003	5.000000e+000	2.140727e-011
3.095570228664162e-003	5.000000e+000	2.127907e-011
3.097570228664162e-003	5.000000e+000	2.115306e-011
3.100570228664163e-003	5.000000e+000	2.096806e-011
3.102570228664163e-003	5.000000e+000	2.084744e-011
3.104570228664163e-003	5.000000e+000	2.072879e-011
3.106570228664164e-003	5.000000e+000	2.061212e-011
3.108570228664164e-003	5.000000e+000	2.049742e-011
3.110570228664164e-003	5.000000e+000	2.038469e-011
3.112570228664164e-003	5.000000e+000	2.027393e-011
3.114570228664165e-003	5.000000e+000	2.016515e-011
3.133570228664167e-003	5.000000e+000	1.926170e-011
3.152570228664170e-003	5.000000e+000	1.845583e-011
3.171570228664172e-003	5.000000e+000	1.774752e-011
3.190570228664175e-003	5.000000e+000	1.713679e-011
3.209570228664177e-003	5.000000e+000	1.662363e-011
3.228570228664180e-003	5.000000e+000	1.620803e-011
3.247570228664182e-003	5.000000e+000	1.589001e-011
3.275998800092757e-003	5.000000e+000	1.549295e-011
3.304427371521333e-003	5.000000e+000	1.515031e-011
3.332855942949908e-003	5.000000e+000	1.486207e-011
3.361284514378483e-003	5.000000e+000	1.462825e-011
3.389713085807058e-003	5.000000e+000	1.444885e-011
3.418141657235634e-003	5.000000e+000	1.432385e-011
3.446570228664209e-003	5.000000e+000	1.425327e-011
3.509140457328434e-003	5.000000e+000	1.410709e-011
3.509438170686265e-003	5.000000e+000	1.412357e-011
3.509471768088191e-003	5.000000e+000	1.409567e-011
3.509799924826627e-003	5.000000e+000	1.409843e-011
3.510000000000000e-003	5.000000e+000	5.087417e-012
3.510020007517337e-003	4.989996e+000	9.111727e-012
3.510060022552012e-003	4.969989e+000	7.081284e-012
3.510865570263405e-003	4.567215e+000	-6.036630e-011
3.511671117974797e-003	4.164441e+000	-1.139962e-010
3.512476665686190e-003	3.761667e+000	-1.538083e-010
3.513282213397583e-003	3.358893e+000	-1.798027e-010
3.514087761108975e-003	2.956119e+000	-1.919795e-010
3.514893308820368e-003	2.553346e+000	-1.903384e-010
3.515698856531760e-003	2.150572e+000	-1.748797e-010
3.515716187973553e-003	2.141906e+000	-1.747068e-010
3.515750850857139e-003	2.124575e+000	-1.743503e-010
3.515751875459515e-003	2.124062e+000	-1.743390e-010
3.515753924664266e-003	2.123038e+000	-1.743127e-010
3.515757077206774e-003	2.121461e+000	-1.742578e-010
3.515760723977335e-003	2.119638e+000	-1.741727e-010
3.515761201892292e-003	2.119399e+000	-1.741591e-010
3.515762157722206e-003	2.118921e+000	-1.741290e-010
3.515764069382033e-003	2.117965e+000	-1.740690e-010
3.515766254838433e-003	2.116873e+000	-1.740004e-010
3.515769606403008e-003	2.115197e+000	-1.738952e-010
3.515774580928297e-003	2.112710e+000	-1.737391e-010
3.515780487694414e-003	2.109756e+000	-1.735538e-010
3.515788195907316e-003	2.105902e+000	-1.733120e-010
3.515797473414602e-003	2.101263e+000	-1.730210e-010
3.515809392155660e-003	2.095304e+000	-1.726472e-010
3.515823975245799e-003	2.088012e+000	-1.721900e-010
3.515842519124098e-003	2.078740e+000	-1.716087e-010
3.515865433257985e-003	2.067283e+000	-1.708903e-010
3.515894423256813e-003	2.052788e+000	-1.699813e-010
3.515930505347324e-003	2.034747e+000	-1.688491e-010
3.515976087521058e-003	2.011956e+000	-1.674166e-010
3.516033166696619e-003	1.983417e+000	-1.656179e-010
3.516105352163538e-003	1.947324e+000	-1.633315e-010
3.516196255856903e-003	1.901872e+000	-1.604285e-010
3.516293296235808e-003	1.853352e+000	-1.573049e-010
3.516415651106206e-003	1.792174e+000	-1.533850e-010
3.516543249539120e-003	1.728375e+000	-1.494093e-010
3.516676350644006e-003	1.661825e+000	-1.454578e-010
3.516846204130988e-003	1.576898e+000	-1.407661e-010
3.517185911104952e-003	1.407044e+000	-1.322330e-010
3.517558521353385e-003	1.220739e+000	-1.240456e-010
3.518127081924441e-003	9.364591e-001	-1.136260e-010
3.518798731606361e-003	6.006342e-001	-1.033061e-010
3.519006943995308e-003	4.965280e-001	-1.006376e-010
3.519423368773201e-003	2.883156e-001	-9.619223e-011
3.520000000000000e-003	0.000000e+000	-9.071024e-011
3.520057663122680e-003	0.000000e+000	-8.757650e-011
3.520172989368040e-003	0.000000e+000	-8.150532e-011
3.520403641858760e-003	0.000000e+000	-7.026774e-011
3.521787556803079e-003	0.000000e+000	-2.046911e-011
3.522787556803079e-003	0.000000e+000	3.785731e-012
3.524787556803079e-003	0.000000e+000	3.173049e-011
3.526787556803079e-003	0.000000e+000	4.461026e-011
3.528787556803080e-003	0.000000e+000	5.054656e-011
3.531787556803080e-003	0.000000e+000	5.403372e-011
3.533787556803080e-003	0.000000e+000	5.488984e-011
3.534787556803080e-003	0.000000e+000	5.512486e-011
3.535787556803081e-003	0.000000e+000	5.528442e-011
3.536787556803081e-003	0.000000e+000	5.539275e-011
3.537787556803081e-003	0.000000e+000	5.546747e-011
3.538549819200495e-003	0.000000e+000	5.550885e-011
3.538914008204101e-003	0.000000e+000	5.552434e-011
3.539141410648343e-003	0.000000e+000	5.553263e-011
3.539286465095528e-003	0.000000e+000	5.553748e-011
3.539412414386357e-003	0.000000e+000	5.554147e-011
3.539501804675230e-003	0.000000e+000	5.554418e-011
3.539577958232982e-003	0.000000e+000	5.554642e-011
3.539634668166223e-003	0.000000e+000	5.554804e-011
3.539680830877844e-003	0.000000e+000	5.554933e-011
3.539718346113485e-003	0.000000e+000	5.555037e-011
3.539750106565335e-003	0.000000e+000	5.555123e-011
3.539790707576632e-003	0.000000e+000	5.555231e-011
3.539829666290669e-003	0.000000e+000	5.555334e-011
3.540609562407677e-003	0.000000e+000	5.556881e-011
3.541389458524685e-003	0.000000e+000	5.558198e-011
3.542169354641693e-003	0.000000e+000	5.559283e-011
3.542949250758701e-003	0.000000e+000	5.560138e-011
3.543729146875709e-003	0.000000e+000	5.560761e-011
3.544509042992717e-003	0.000000e+000	5.561154e-011
3.545288939109726e-003	0.000000e+000	5.561316e-011
3.546288939109726e-003	0.000000e+000	5.561592e-011
3.547288939109726e-003	0.000000e+000	5.561780e-011
3.549288939109726e-003	0.000000e+000	5.561994e-011
3.551288939109726e-003	0.000000e+000	5.562093e-011
3.552288939109726e-003	0.000000e+000	5.562120e-011
3.553288939109727e-003	0.000000e+000	5.562138e-011
3.554288939109727e-003	0.000000e+000	5.562151e-011
3.555288939109727e-003	0.000000e+000	5.562159e-011
3.556288939109727e-003	0.000000e+000	5.562165e-011
3.557288939109727e-003	0.000000e+000	5.562169e-011
3.558288939109727e-003	0.000000e+000	5.562172e-011
3.559288939109727e-003	0.000000e+000	5.562173e-011
3.560288939109728e-003	0.000000e+000	5.562174e-011
3.561288939109728e-003	0.000000e+000	5.562175e-011
3.562288939109728e-003	0.000000e+000	5.562176e-011
3.563288939109728e-003	0.000000e+000	5.562176e-011
3.564288939109728e-003	0.000000e+000	5.562176e-011
3.565288939109728e-003	0.000000e+000	5.562177e-011
3.566288939109728e-003	0.000000e+000	5.562177e-011
3.567288939109728e-003	0.000000e+000	5.562177e-011
3.568288939109729e-003	0.000000e+000	5.562177e-011
3.569288939109729e-003	0.000000e+000	5.562177e-011
3.570288939109729e-003	0.000000e+000	5.562177e-011
3.571288939109729e-003	0.000000e+000	5.562177e-011
3.572288939109729e-003	0.000000e+000	5.562177e-011
3.573288939109729e-003	0.000000e+000	5.562177e-011
3.574288939109729e-003	0.000000e+000	5.562177e-011
3.575288939109730e-003	0.000000e+000	5.562177e-011
3.576288939109730e-003	0.000000e+000	5.562177e-011
3.577288939109730e-003	0.000000e+000	5.562177e-011
3.578288939109730e-003	0.000000e+000	5.562177e-011
3.579288939109730e-003	0.000000e+000	5.562177e-011
3.580288939109730e-003	0.000000e+000	5.562177e-011
3.581288939109730e-003	0.000000e+000	5.562177e-011
3.582288939109730e-003	0.000000e+000	5.562177e-011
3.583288939109731e-003	0.000000e+000	5.562177e-011
3.584288939109731e-003	0.000000e+000	5.562177e-011
3.585288939109731e-003	0.000000e+000	5.562177e-011
3.586288939109731e-003	0.000000e+000	5.562177e-011
3.587288939109731e-003	0.000000e+000	5.562177e-011
3.588288939109731e-003	0.000000e+000	5.562177e-011
3.589288939109731e-003	0.000000e+000	5.562177e-011
3.590288939109732e-003	0.000000e+000	5.562177e-011
3.591288939109732e-003	0.000000e+000	5.562177e-011
3.592288939109732e-003	0.000000e+000	5.562177e-011
3.593288939109732e-003	0.000000e+000	5.562177e-011
3.594288939109732e-003	0.000000e+000	5.562177e-011
3.595288939109732e-003	0.000000e+000	5.562177e-011
3.596288939109732e-003	0.000000e+000	5.562177e-011
3.597288939109732e-003	0.000000e+000	5.562177e-011
3.598288939109733e-003	0.000000e+000	5.562177e-011
3.599288939109733e-003	0.000000e+000	5.562177e-011
3.600288939109733e-003	0.000000e+000	5.562177e-011
3.601288939109733e-003	0.000000e+000	5.562177e-011
3.602288939109733e-003	0.000000e+000	5.562177e-011
3.603288939109733e-003	0.000000e+000	5.562177e-011
3.604288939109733e-003	0.000000e+000	5.562177e-011
3.605288939109733e-003	0.000000e+000	5.562177e-011
3.606288939109734e-003	0.000000e+000	5.562177e-011
3.607288939109734e-003	0.000000e+000	5.562177e-011
3.608288939109734e-003	0.000000e+000	5.562177e-011
3.609288939109734e-003	0.000000e+000	5.562177e-011
3.610288939109734e-003	0.000000e+000	5.562177e-011
3.611288939109734e-003	0.000000e+000	5.562177e-011
3.612288939109734e-003	0.000000e+000	5.562177e-011
3.613288939109735e-003	0.000000e+000	5.562177e-011
3.614288939109735e-003	0.000000e+000	5.562177e-011
3.615288939109735e-003	0.000000e+000	5.562177e-011
3.616288939109735e-003	0.000000e+000	5.562177e-011
3.617288939109735e-003	0.000000e+000	5.562177e-011
3.618288939109735e-003	0.000000e+000	5.562177e-011
3.619288939109735e-003	0.000000e+000	5.562177e-011
3.620288939109735e-003	0.000000e+000	5.562177e-011
3.621288939109736e-003	0.000000e+000	5.562177e-011
3.622288939109736e-003	0.000000e+000	5.562177e-011
3.623288939109736e-003	0.000000e+000	5.562177e-011
3.624288939109736e-003	0.000000e+000	5.562177e-011
3.625288939109736e-003	0.000000e+000	5.562177e-011
3.626288939109736e-003	0.000000e+000	5.562177e-011
3.627288939109736e-003	0.000000e+000	5.562177e-011
3.628288939109737e-003	0.000000e+000	5.562177e-011
3.629288939109737e-003	0.000000e+000	5.562177e-011
3.630288939109737e-003	0.000000e+000	5.562177e-011
3.631288939109737e-003	0.000000e+000	5.562177e-011
3.632288939109737e-003	0.000000e+000	5.562177e-011
3.633288939109737e-003	0.000000e+000	5.562177e-011
3.634288939109737e-003	0.000000e+000	5.562177e-011
3.635288939109737e-003	0.000000e+000	5.562177e-011
3.636288939109738e-003	0.000000e+000	5.562177e-011
3.637288939109738e-003	0.000000e+000	5.562177e-011
3.638288939109738e-003	0.000000e+000	5.562177e-011
3.639288939109738e-003	0.000000e+000	5.562177e-011
3.640288939109738e-003	0.000000e+000	5.562177e-011
3.641288939109738e-003	0.000000e+000	5.562177e-011
3.642288939109738e-003	0.000000e+000	5.562177e-011
3.643288939109739e-003	0.000000e+000	5.562177e-011
3.644288939109739e-003	0.000000e+000	5.562177e-011
3.645288939109739e-003	0.000000e+000	5.562177e-011
3.646288939109739e-003	0.000000e+000	5.562177e-011
3.647288939109739e-003	0.000000e+000	5.562177e-011
3.648288939109739e-003	0.000000e+000	5.562177e-011
3.649288939109739e-003	0.000000e+000	5.562177e-011
3.650288939109739e-003	0.000000e+000	5.562177e-011
3.651288939109740e-003	0.000000e+000	5.562177e-011
3.652288939109740e-003	0.000000e+000	5.562177e-011
3.653288939109740e-003	0.000000e+000	5.562177e-011
3.654288939109740e-003	0.000000e+000	5.562177e-011
3.655288939109740e-003	0.000000e+000	5.562177e-011
3.656288939109740e-003	0.000000e+000	5.562177e-011
3.657288939109740e-003	0.000000e+000	5.562177e-011
3.658288939109741e-003	0.000000e+000	5.562177e-011
3.659288939109741e-003	0.000000e+000	5.562177e-011
3.660288939109741e-003	0.000000e+000	5.562177e-011
3.661288939109741e-003	0.000000e+000	5.562177e-011
3.662288939109741e-003	0.000000e+000	5.562177e-011
3.663288939109741e-003	0.000000e+000	5.562177e-011
3.664288939109741e-003	0.000000e+000	5.562177e-011
3.665288939109741e-003	0.000000e+000	5.562177e-011
3.667288939109742e-003	0.000000e+000	5.562177e-011
3.669288939109742e-003	0.000000e+000	5.562177e-011
3.671288939109742e-003	0.000000e+000	5.562177e-011
3.673288939109743e-003	0.000000e+000	5.562177e-011
3.675288939109743e-003	0.000000e+000	5.562177e-011
3.678288939109743e-003	0.000000e+000	5.562177e-011
3.681288939109744e-003	0.000000e+000	5.562177e-011
3.684288939109744e-003	0.000000e+000	5.562177e-011
3.686003224824030e-003	0.000000e+000	5.562177e-011
3.687717510538316e-003	0.000000e+000	5.562177e-011
3.689431796252602e-003	0.000000e+000	5.562177e-011
3.691146081966888e-003	0.000000e+000	5.562177e-011
3.692860367681174e-003	0.000000e+000	5.562177e-011
3.694574653395460e-003	0.000000e+000	5.562177e-011
3.696288939109746e-003	0.000000e+000	5.562177e-011
3.697288939109746e-003	0.000000e+000	5.562177e-011
3.701431796252603e-003	0.000000e+000	5.562177e-011
3.705574653395461e-003	0.000000e+000	5.562177e-011
3.709717510538319e-003	0.000000e+000	5.562177e-011
3.713860367681177e-003	0.000000e+000	5.562177e-011
3.718003224824034e-003	0.000000e+000	5.562177e-011
3.722146081966892e-003	0.000000e+000	5.562177e-011
3.726288939109750e-003	0.000000e+000	5.562177e-011
3.999000000000000e-003	0.000000e+000	5.562177e-011
4.000000000000000e-003	0.000000e+000	5.562177e-011
4.000100000000000e-003	5.000000e-002	6.017397e-011
4.000300000000000e-003	1.500000e-001	6.879532e-011
4.002500000000000e-003	1.250000e+000	1.311785e-010
4.003500000000000e-003	1.750000e+000	1.480680e-010
4.003780675618727e-003	1.890338e+000	1.520380e-010
4.003938605252909e-003	1.969303e+000	1.543135e-010
4.004116263197053e-003	2.058132e+000	1.571568e-010
4.004233699515862e-003	2.116850e+000	1.591780e-010
4.004321615159100e-003	2.160808e+000	1.607729e-010
4.004420818268151e-003	2.210409e+000	1.626462e-010
4.004549332268111e-003	2.274666e+000	1.651609e-010
4.004693148164500e-003	2.346574e+000	1.680746e-010
4.004980779957277e-003	2.490390e+000	1.740165e-010
4.005545689966786e-003	2.772845e+000	1.852507e-010
4.006476707489166e-003	3.238354e+000	2.017573e-010
4.007270144528472e-003	3.635072e+000	2.132643e-010
4.008055834989733e-003	4.027917e+000	2.219465e-010
4.008856811818598e-003	4.428406e+000	2.287435e-010
4.009254979575207e-003	4.627490e+000	2.313381e-010
4.010000000000000e-003	5.000000e+000	2.353059e-010
4.010074502042479e-003	5.000000e+000	2.244082e-010
4.010223506127438e-003	5.000000e+000	2.042718e-010
4.010521514297355e-003	5.000000e+000	1.708982e-010
4.011117530637189e-003	5.000000e+000	1.232779e-010
4.012117530637190e-003	5.000000e+000	7.457295e-011
4.013117530637190e-003	5.000000e+000	4.925217e-011
4.014117530637190e-003	5.000000e+000	3.786631e-011
4.015117530637190e-003	5.000000e+000	3.270861e-011
4.016117530637190e-003	5.000000e+000	3.033465e-011
4.017117530637190e-003	5.000000e+000	2.920518e-011
4.018117530637190e-003	5.000000e+000	2.863236e-011
4.019117530637190e-003	5.000000e+000	2.830885e-011
4.020117530637191e-003	5.000000e+000	2.809731e-011
4.021117530637191e-003	5.000000e+000	2.793636e-011
4.022117530637191e-003	5.000000e+000	2.779859e-011
4.023117530637191e-003	5.000000e+000	2.767174e-011
4.024117530637191e-003	5.000000e+000	2.755033e-011
4.025117530637191e-003	5.000000e+000	2.743190e-011
4.026117530637191e-003	5.000000e+000	2.731535e-011
4.027117530637192e-003	5.000000e+000	2.720019e-011
4.028117530637192e-003	5.000000e+000	2.708619e-011
4.029117530637192e-003	5.000000e+000	2.697324e-011
4.030117530637192e-003	5.000000e+000	2.686129e-011
4.031117530637192e-003	5.000000e+000	2.675032e-011
4.032117530637192e-003	5.000000e+000	2.664031e-011
4.033117530637192e-003	5.000000e+000	2.653124e-011
4.034117530637192e-003	5.000000e+000	2.642311e-011
4.035117530637193e-003	5.000000e+000	2.631590e-011
4.036117530637193e-003	5.000000e+000	2.620961e-011
4.037117530637193e-003	5.000000e+000	2.610424e-011
4.038117530637193e-003	5.000000e+000	2.599976e-011
4.039117530637193e-003	5.000000e+000	2.589618e-011
4.040117530637193e-003	5.000000e+000	2.579349e-011
4.041117530637193e-003	5.000000e+000	2.569168e-011
4.042117530637194e-003	5.000000e+000	2.559074e-011
4.043117530637194e-003	5.000000e+000	2.549067e-011
4.044117530637194e-003	5.000000e+000	2.539145e-011
4.045117530637194e-003	5.000000e+000	2.529308e-011
4.046117530637194e-003	5.000000e+000	2.519555e-011
4.047117530637194e-003	5.000000e+000	2.509886e-011
4.048117530637194e-003	5.000000e+000	2.500300e-011
4.049117530637194e-003	5.000000e+000	2.490796e-011
4.050117530637195e-003	5.000000e+000	2.481373e-011
4.051117530637195e-003	5.000000e+000	2.472031e-011
4.052117530637195e-003	5.000000e+000	2.462769e-011
4.053117530637195e-003	5.000000e+000	2.453587e-011
4.054117530637195e-003	5.000000e+000	2.444483e-011
4.055117530637195e-003	5.000000e+000	2.435457e-011
4.056117530637195e-003	5.000000e+000	2.426508e-011
4.057117530637196e-003	5.000000e+000	2.417636e-011
4.058117530637196e-003	5.000000e+000	2.408840e-011
4.059117530637196e-003	5.000000e+000	2.400119e-011
4.060117530637196e-003	5.000000e+000	2.391473e-011
4.061117530637196e-003	5.000000e+000	2.382901e-011
4.062117530637196e-003	5.000000e+000	2.374402e-011
4.063117530637196e-003	5.000000e+000	2.365976e-011
4.064117530637196e-003	5.000000e+000	2.357623e-011
4.065117530637197e-003	5.000000e+000	2.349341e-011
4.066117530637197e-003	5.000000e+000	2.341129e-011
4.067117530637197e-003	5.000000e+000	2.332988e-011
4.068117530637197e-003	5.000000e+000	2.324917e-011
4.069117530637197e-003	5.000000e+000	2.316915e-011
4.070117530637197e-003	5.000000e+000	2.308982e-011
4.071117530637197e-003	5.000000e+000	2.301116e-011
4.072117530637198e-003	5.000000e+000	2.293318e-011
4.073117530637198e-003	5.000000e+000	2.285587e-011
4.074117530637198e-003	5.000000e+000	2.277922e-011
4.075117530637198e-003	5.000000e+000	2.270322e-011
4.076117530637198e-003	5.000000e+000	2.262788e-011
4.077117530637198e-003	5.000000e+000	2.255318e-011
4.078117530637198e-003	5.000000e+000	2.247912e-011
4.079117530637198e-003	5.000000e+000	2.240570e-011
4.080117530637199e-003	5.000000e+000	2.233290e-011
4.081117530637199e-003	5.000000e+000	2.226073e-011
4.082117530637199e-003	5.000000e+000	2.218918e-011
4.083117530637199e-003	5.000000e+000	2.211824e-011
4.084117530637199e-003	5.000000e+000	2.204791e-011
4.085117530637199e-003	5.000000e+000	2.197817e-011
4.086117530637199e-003	5.000000e+000	2.190904e-011
4.087117530637200e-003	5.000000e+000	2.184050e-011
4.088117530637200e-003	5.000000e+000	2.177255e-011
4.089117530637200e-003	5.000000e+000	2.170518e-011
4.090117530637200e-003	5.000000e+000	2.163838e-011
4.091117530637200e-003	5.000000e+000	2.157216e-011
4.092117530637200e-003	5.000000e+000	2.150650e-011
4.094117530637200e-003	5.000000e+000	2.137688e-011
4.096117530637201e-003	5.000000e+000	2.124946e-011
4.099117530637201e-003	5.000000e+000	2.106240e-011
4.101117530637201e-003	5.000000e+000	2.094043e-011
4.103117530637202e-003	5.000000e+000	2.082046e-011
4.105117530637202e-003	5.000000e+000	2.070249e-011
4.107117530637202e-003	5.000000e+000	2.058650e-011
4.109117530637202e-003	5.000000e+000	2.047252e-011
4.111117530637203e-003	5.000000e+000	2.036052e-011
4.113117530637203e-003	5.000000e+000	2.025053e-011
4.131974673494348e-003	5.000000e+000	1.934279e-011
4.150831816351494e-003	5.000000e+000	1.853260e-011
4.169688959208639e-003	5.000000e+000	1.781995e-011
4.188546102065784e-003	5.000000e+000	1.720486e-011
4.207403244922929e-003	5.000000e+000	1.668731e-011
4.226260387780075e-003	5.000000e+000	1.626731e-011
4.245117530637220e-003	5.000000e+000	1.594486e-011
4.273260387780082e-003	5.000000e+000	1.554286e-011
4.301403244922942e-003	5.000000e+000	1.519564e-011
4.329546102065803e-003	5.000000e+000	1.490319e-011
4.357688959208664e-003	5.000000e+000	1.466552e-011
4.385831816351525e-003	5.000000e+000	1.448262e-011
4.413974673494386e-003	5.000000e+000	1.435450e-011
4.442117530637247e-003	5.000000e+000	1.428116e-011
4.508999999999999e-003	5.000000e+000	1.411740e-011
4.510000000000000e-003	5.000000e+000	1.411559e-011
4.510100000000000e-003	4.950000e+000	-5.573411e-011
4.510300000000000e-003	4.850000e+000	-1.816477e-010
4.512477149285455e-003	3.761425e+000	-8.965173e-010
4.513477149285455e-003	3.261425e+000	-1.078652e-009
4.514477149285455e-003	2.761425e+000	-1.269669e-009
4.515524583452403e-003	2.237708e+000	-1.515696e-009
4.515690603036718e-003	2.154698e+000	-1.571799e-009
4.515743966474534e-003	2.128017e+000	-1.592565e-009
4.515746931109968e-003	2.126534e+000	-1.593761e-009
4.515752860380837e-003	2.123570e+000	-1.596062e-009
4.515755387828621e-003	2.122306e+000	-1.596990e-009
4.515757541886215e-003	2.121229e+000	-1.573056e-009
4.515760130915863e-003	2.119935e+000	-1.375688e-009
4.515760470273847e-003	2.119765e+000	-1.211312e-009
4.515761148989816e-003	2.119426e+000	-5.971617e-010
4.515762506421755e-003	2.118747e+000	8.780429e-010
4.515764378827088e-003	2.117810e+000	3.534182e-009
4.515767192710895e-003	2.116404e+000	9.229030e-009
4.515771581400626e-003	2.114209e+000	2.230991e-008
4.515776404891257e-003	2.111798e+000	4.430090e-008
4.515783079500962e-003	2.108460e+000	9.101696e-008
4.515790871250409e-003	2.104564e+000	1.753012e-007
4.515801221795666e-003	2.099389e+000	3.483973e-007
4.515813624628980e-003	2.093188e+000	6.702261e-007
4.515829688795761e-003	2.085155e+000	1.316430e-006
4.515849253024339e-003	2.075373e+000	2.538107e-006
4.515874253211274e-003	2.062873e+000	4.959019e-006
4.515905083176734e-003	2.047458e+000	9.590945e-006
4.515944238353261e-003	2.027881e+000	1.871140e-005
4.515992966787412e-003	2.003517e+000	3.631360e-005
4.516054745620001e-003	1.972627e+000	7.091174e-005
4.516132220894703e-003	1.933890e+000	1.382185e-004
4.516230588980662e-003	1.884706e+000	2.652348e-004
4.516320774908394e-003	1.839613e+000	4.371561e-004
4.516448940782097e-003	1.775530e+000	7.930312e-004
4.516603727732225e-003	1.698136e+000	1.421401e-003
4.516813932159632e-003	1.593034e+000	2.679817e-003
4.517070780603329e-003	1.464610e+000	5.015712e-003
4.517463827956454e-003	1.268086e+000	1.046524e-002
4.517936120314028e-003	1.031940e+000	2.058810e-002
4.518608740333371e-003	6.956298e-001	4.162065e-002
4.519143084876420e-003	4.284576e-001	6.567053e-002
4.520000000000000e-003	2.033929e-013	1.144063e-001
4.520065205916971e-003	6.779762e-014	1.190137e-001
4.520195617750914e-003	0.000000e+000	1.282288e-001
4.520456441418800e-003	0.000000e+000	1.466589e-001
4.521978088754572e-003	0.000000e+000	2.541662e-001
4.522978088754572e-003	0.000000e+000	3.248066e-001
4.524978088754572e-003	0.000000e+000	4.660565e-001
4.525978088754572e-003	0.000000e+000	5.366659e-001
4.526978088754572e-003	0.000000e+000	6.072649e-001
4.527978088754573e-003	0.000000e+000	6.778536e-001
4.528978088754573e-003	0.000000e+000	7.484319e-001
4.529978088754573e-003	0.000000e+000	8.189997e-001
4.530978088754573e-003	0.000000e+000	8.895571e-001
4.531978088754573e-003	0.000000e+000	9.601041e-001
4.532978088754573e-003	0.000000e+000	1.030641e+000
4.533978088754573e-003	0.000000e+000	1.101167e+000
4.534978088754573e-003	0.000000e+000	1.171682e+000
4.535978088754574e-003	0.000000e+000	1.242187e+000
4.536978088754574e-003	0.000000e+000	1.312682e+000
4.537978088754574e-003	0.000000e+000	1.383166e+000
4.538978088754574e-003	0.000000e+000	1.453640e+000
4.539978088754574e-003	0.000000e+000	1.524103e+000
4.540978088754574e-003	0.000000e+000	1.594555e+000
4.541978088754574e-003	0.000000e+000	1.664997e+000
4.542978088754575e-003	0.000000e+000	1.735429e+000
4.543978088754575e-003	0.000000e+000	1.805850e+000
4.544978088754575e-003	0.000000e+000	1.876260e+000
4.545978088754575e-003	0.000000e+000	1.946660e+000
4.546978088754575e-003	0.000000e+000	2.017049e+000
4.547978088754575e-003	0.000000e+000	2.087428e+000
4.548978088754575e-003	0.000000e+000	2.157796e+000
4.549978088754575e-003	0.000000e+000	2.228153e+000
4.550978088754576e-003	0.000000e+000	2.298500e+000
4.551978088754576e-003	0.000000e+000	2.368836e+000
4.552978088754576e-003	0.000000e+000	2.439162e+000
4.553978088754576e-003	0.000000e+000	2.509477e+000
4.554978088754576e-003	0.000000e+000	2.579781e+000
4.555978088754576e-003	0.000000e+000	2.650074e+000
4.556978088754576e-003	0.000000e+000	2.720336e+000
4.557978088754577e-003	0.000000e+000	2.790493e+000
4.558978088754577e-003	0.000000e+000	2.860403e+000
4.559978088754577e-003	0.000000e+000	2.929897e+000
4.560978088754577e-003	0.000000e+000	2.998807e+000
4.561978088754577e-003	0.000000e+000	3.066978e+000
4.562978088754577e-003	0.000000e+000	3.134264e+000
4.563978088754577e-003	0.000000e+000	3.200534e+000
4.564978088754577e-003	0.000000e+000	3.265669e+000
4.565978088754578e-003	0.000000e+000	3.329566e+000
4.566978088754578e-003	0.000000e+000	3.392133e+000
4.567978088754578e-003	0.000000e+000	3.453293e+000
4.568978088754578e-003	0.000000e+000	3.512980e+000
4.569978088754578e-003	0.000000e+000	3.571142e+000
4.570978088754578e-003	0.000000e+000	3.627738e+000
4.571978088754578e-003	0.000000e+000	3.682734e+000
4.572978088754579e-003	0.000000e+000	3.736111e+000
4.573978088754579e-003	0.000000e+000	3.787856e+000
4.574978088754579e-003	0.000000e+000	3.837963e+000
4.575978088754579e-003	0.000000e+000	3.886434e+000
4.576978088754579e-003	0.000000e+000	3.933279e+000
4.577978088754579e-003	0.000000e+000	3.978511e+000
4.578978088754579e-003	0.000000e+000	4.022149e+000
4.579978088754579e-003	0.000000e+000	4.064216e+000
4.580978088754580e-003	0.000000e+000	4.104739e+000
4.581978088754580e-003	0.000000e+000	4.143747e+000
4.582978088754580e-003	0.000000e+000	4.181273e+000
4.583978088754580e-003	0.000000e+000	4.217351e+000
4.584978088754580e-003	0.000000e+000	4.252017e+000
4.585978088754580e-003	0.000000e+000	4.285308e+000
4.586978088754580e-003	0.000000e+000	4.317264e+000
4.587978088754580e-003	0.000000e+000	4.347921e+000
4.588978088754581e-003	0.000000e+000	4.377322e+000
4.589978088754581e-003	0.000000e+000	4.405504e+000
4.590978088754581e-003	0.000000e+000	4.432508e+000
4.591978088754581e-003	0.000000e+000	4.458374e+000
4.592978088754581e-003	0.000000e+000	4.483140e+000
4.593978088754581e-003	0.000000e+000	4.506846e+000
4.594978088754581e-003	0.000000e+000	4.529531e+000
4.595978088754582e-003	0.000000e+000	4.551230e+000
4.596978088754582e-003	0.000000e+000	4.571981e+000
4.597978088754582e-003	0.000000e+000	4.591822e+000
4.598978088754582e-003	0.000000e+000	4.610786e+000
4.599978088754582e-003	0.000000e+000	4.628910e+000
4.600978088754582e-003	0.000000e+000	4.646224e+000
4.601978088754582e-003	0.000000e+000	4.662763e+000
4.602978088754582e-003	0.000000e+000	4.678558e+000
4.603978088754583e-003	0.000000e+000	4.693640e+000
4.604978088754583e-003	0.000000e+000	4.708037e+000
4.606978088754583e-003	0.000000e+000	4.734896e+000
4.608978088754583e-003	0.000000e+000	4.759352e+000
4.611978088754584e-003	0.000000e+000	4.791967e+000
4.614978088754584e-003	0.000000e+000	4.820251e+000
4.617978088754584e-003	0.000000e+000	4.844753e+000
4.620978088754585e-003	0.000000e+000	4.865964e+000
4.623978088754585e-003	0.000000e+000	4.884313e+000
4.626978088754586e-003	0.000000e+000	4.900177e+000
4.629978088754586e-003	0.000000e+000	4.913884e+000
4.632978088754586e-003	0.000000e+000	4.925725e+000
4.635978088754587e-003	0.000000e+000	4.935947e+000
4.638978088754587e-003	0.000000e+000	4.944771e+000
4.641978088754588e-003	0.000000e+000	4.952385e+000
4.644978088754588e-003	0.000000e+000	4.958954e+000
4.647978088754588e-003	0.000000e+000	4.964620e+000
4.650978088754589e-003	0.000000e+000	4.969506e+000
4.653978088754589e-003	0.000000e+000	4.973720e+000
4.656978088754590e-003	0.000000e+000	4.977352e+000
4.659978088754590e-003	0.000000e+000	4.980483e+000
4.661978088754590e-003	0.000000e+000	4.982327e+000
4.664978088754591e-003	0.000000e+000	4.984772e+000
4.667978088754591e-003	0.000000e+000	4.986878e+000
4.670978088754592e-003	0.000000e+000	4.988694e+000
4.673978088754592e-003	0.000000e+000	4.990259e+000
4.676978088754592e-003	0.000000e+000	4.991607e+000
4.679978088754593e-003	0.000000e+000	4.992769e+000
4.682978088754593e-003	0.000000e+000	4.993770e+000
4.685978088754593e-003	0.000000e+000	4.994633e+000
4.688978088754594e-003	0.000000e+000	4.995376e+000
4.691978088754594e-003	0.000000e+000	4.996016e+000
4.694978088754595e-003	0.000000e+000	4.996568e+000
4.697978088754595e-003	0.000000e+000	4.997043e+000
4.700978088754595e-003	0.000000e+000	4.997453e+000
4.703978088754596e-003	0.000000e+000	4.997806e+000
4.706978088754596e-003	0.000000e+000	4.998110e+000
4.709978088754597e-003	0.000000e+000	4.998372e+000
4.712978088754597e-003	0.000000e+000	4.998597e+000
4.715978088754597e-003	0.000000e+000	4.998791e+000
4.718978088754598e-003	0.000000e+000	4.998959e+000
4.721978088754598e-003	0.000000e+000	4.999103e+000
4.724978088754599e-003	0.000000e+000	4.999227e+000
4.727978088754599e-003	0.000000e+000	4.999334e+000
4.730978088754599e-003	0.000000e+000	4.999426e+000
4.733978088754600e-003	0.000000e+000	4.999506e+000
4.736978088754600e-003	0.000000e+000	4.999574e+000
4.739978088754601e-003	0.000000e+000	4.999633e+000
4.742978088754601e-003	0.000000e+000	4.999684e+000
4.745978088754601e-003	0.000000e+000	4.999728e+000
4.748978088754602e-003	0.000000e+000	4.999766e+000
4.751978088754602e-003	0.000000e+000	4.999798e+000
4.754978088754603e-003	0.000000e+000	4.999826e+000
4.757978088754603e-003	0.000000e+000	4.999850e+000
4.760978088754603e-003	0.000000e+000	4.999871e+000
4.763978088754604e-003	0.000000e+000	4.999889e+000
4.766978088754604e-003	0.000000e+000	4.999904e+000
4.769978088754605e-003	0.000000e+000	4.999918e+000
4.772978088754605e-003	0.000000e+000	4.999929e+000
4.775978088754605e-003	0.000000e+000	4.999939e+000
4.778978088754606e-003	0.000000e+000	4.999947e+000
4.781978088754606e-003	0.000000e+000	4.999955e+000
4.784978088754607e-003	0.000000e+000	4.999961e+000
4.787978088754607e-003	0.000000e+000	4.999966e+000
4.790978088754607e-003	0.000000e+000	4.999971e+000
4.793978088754608e-003	0.000000e+000	4.999975e+000
4.796978088754608e-003	0.000000e+000	4.999979e+000
4.799978088754609e-003	0.000000e+000	4.999981e+000
4.802406660183180e-003	0.000000e+000	4.999984e+000
4.804835231611752e-003	0.000000e+000	4.999986e+000
4.807263803040324e-003	0.000000e+000	4.999987e+000
4.809692374468896e-003	0.000000e+000	4.999989e+000
4.812120945897468e-003	0.000000e+000	4.999990e+000
4.814549517326039e-003	0.000000e+000	4.999991e+000
4.816978088754611e-003	0.000000e+000	4.999992e+000
4.820120945897469e-003	0.000000e+000	4.999993e+000
4.823263803040326e-003	0.000000e+000	4.999994e+000
4.826406660183183e-003	0.000000e+000	4.999995e+000
4.829549517326041e-003	0.000000e+000	4.999996e+000
4.832692374468899e-003	0.000000e+000	4.999996e+000
4.835835231611756e-003	0.000000e+000	4.999997e+000
4.838978088754614e-003	0.000000e+000	4.999997e+000
4.843692374468901e-003	0.000000e+000	4.999998e+000
4.848406660183186e-003	0.000000e+000	4.999998e+000
4.853120945897473e-003	0.000000e+000	4.999999e+000
4.857835231611759e-003	0.000000e+000	4.999999e+000
4.862549517326046e-003	0.000000e+000	4.999999e+000
4.867263803040331e-003	0.000000e+000	5.000000e+000
4.871978088754618e-003	0.000000e+000	5.000000e+000
4.881978088754620e-003	0.000000e+000	5.000000e+000
4.891978088754621e-003	0.000000e+000	5.000000e+000
4.901978088754622e-003	0.000000e+000	5.000000e+000
4.911978088754623e-003	0.000000e+000	5.000000e+000
4.921978088754625e-003	0.000000e+000	5.000000e+000
4.931978088754626e-003	0.000000e+000	5.000000e+000
4.941978088754627e-003	0.000000e+000	5.000000e+000
4.997978088754635e-003	0.000000e+000	5.000000e+000
4.999000000000000e-003	0.000000e+000	5.000000e+000
4.999516084806769e-003	0.000000e+000	5.000000e+000
4.999676465345699e-003	0.000000e+000	5.000000e+000
4.999684786075021e-003	0.000000e+000	5.000000e+000
4.999695880380783e-003	0.000000e+000	5.000000e+000
4.999883317066694e-003	0.000000e+000	5.000000e+000
5.000000000000000e-003	-1.#IND00e+000	-1.#IND00e+000
